1.00000000000000000000	0.00000000000000000000	0.00000000000000000000	0.00000000000000000000	0.00000000000000000000	

5.222242e-001	4.777758e-001	0.000000e+000	0.000000e+000	0.000000e+000	
0.000000e+000	8.620054e-001	1.379946e-001	0.000000e+000	0.000000e+000	
0.000000e+000	0.000000e+000	8.465642e-001	1.534358e-001	0.000000e+000	
0.000000e+000	0.000000e+000	0.000000e+000	9.126119e-001	8.738808e-002	
0.000000e+000	0.000000e+000	0.000000e+000	0.000000e+000	1.000000e+000	


1.000000e-030 1.166667e-001 1.000000e-030 1.000000e-030 1.000000e-030 2.999743e-001 1.000000e-030 1.000000e-030 1.000000e-030 1.000000e-030 1.000000e-030 1.000000e-030 1.000000e-030 2.500000e-002 1.000000e-030 1.000000e-030 1.000000e-030 1.885092e-001 1.000000e-030 1.000000e-030 1.000000e-030 2.356233e-001 1.000000e-030 1.000000e-030 1.000000e-030 1.166666e-001 1.000000e-030 1.000000e-030 1.000000e-030 1.382267e-007 1.755986e-002 1.000000e-030 
1.000000e-030 1.000000e-030 1.000000e-030 1.000000e-030 1.000000e-030 7.359141e-002 1.000000e-030 1.000000e-030 1.000000e-030 1.000000e-030 1.000000e-030 1.000000e-030 1.000000e-030 8.813917e-003 1.000000e-030 3.247311e-018 1.000000e-030 3.987051e-021 1.000000e-030 1.000000e-030 1.000000e-030 7.256295e-001 1.000000e-030 1.000000e-030 1.000000e-030 6.460354e-002 1.000000e-030 1.000000e-030 1.000000e-030 1.042965e-001 2.306519e-002 1.000000e-030 
1.000000e-030 1.000000e-030 1.000000e-030 1.000000e-030 1.000000e-030 4.872191e-002 1.000000e-030 1.000000e-030 1.000000e-030 1.000000e-030 1.000000e-030 1.000000e-030 1.000000e-030 3.055686e-002 1.000000e-030 4.624163e-002 1.000000e-030 1.000000e-030 1.000000e-030 1.000000e-030 1.000000e-030 4.314107e-001 1.000000e-030 1.000000e-030 1.000000e-030 7.860347e-002 1.000000e-030 1.000000e-030 1.000000e-030 3.635579e-001 9.075806e-004 1.000000e-030 
1.000000e-030 2.651979e-011 1.000000e-030 1.000000e-030 1.000000e-030 3.166803e-002 1.000000e-030 1.207134e-002 1.000000e-030 1.000000e-030 1.000000e-030 1.047434e-002 1.000000e-030 2.474992e-001 1.562815e-002 1.558732e-001 1.000000e-030 1.000000e-030 1.000000e-030 9.575219e-003 1.000000e-030 9.845164e-003 1.000000e-030 1.000000e-030 1.000000e-030 3.629502e-002 1.000000e-030 2.562305e-003 1.000000e-030 3.177277e-001 3.298486e-003 1.474819e-001 
2.002596e-003 4.575293e-002 2.709523e-002 3.315809e-002 7.755301e-003 1.936141e-002 1.330485e-001 3.262461e-003 1.000000e-030 6.250080e-003 7.611354e-002 3.229051e-003 5.452792e-004 2.424110e-002 1.036594e-001 3.762709e-002 6.524721e-003 5.405923e-003 6.241837e-002 4.134861e-002 1.000000e-030 2.552915e-003 1.193063e-001 1.000000e-030 1.000000e-030 5.352050e-003 1.044489e-001 1.703322e-002 1.000000e-030 1.055113e-030 6.203901e-002 5.046785e-002 
