1.00000000000000000000	0.00000000000000000000	0.00000000000000000000	0.00000000000000000000	0.00000000000000000000	

6.716322e-001	3.283678e-001	0.000000e+000	0.000000e+000	0.000000e+000	
0.000000e+000	7.478319e-001	2.521681e-001	0.000000e+000	0.000000e+000	
0.000000e+000	0.000000e+000	8.948005e-001	1.051995e-001	0.000000e+000	
0.000000e+000	0.000000e+000	0.000000e+000	8.728616e-001	1.271384e-001	
0.000000e+000	0.000000e+000	0.000000e+000	0.000000e+000	1.000000e+000	


1.000000e-030 2.679752e-002 1.000000e-030 3.540101e-002 1.000000e-030 6.582490e-002 1.000000e-030 4.937151e-002 1.000000e-030 1.228966e-001 1.000000e-030 1.000000e-030 1.000000e-030 1.800201e-001 1.000000e-030 4.909900e-002 7.993791e-002 2.500000e-002 1.000000e-030 3.158672e-002 1.000000e-030 1.000000e-030 1.000000e-030 1.666642e-002 1.000000e-030 1.044491e-002 1.000000e-030 7.926033e-003 1.000000e-030 2.701296e-001 1.250000e-002 1.639781e-002 
1.000000e-030 1.000000e-030 1.000000e-030 1.034061e-002 1.000000e-030 1.158605e-004 1.000000e-030 2.120970e-002 1.000000e-030 1.000000e-030 1.000000e-030 7.306648e-002 1.000000e-030 3.069882e-001 1.000000e-030 8.333333e-003 2.178718e-030 1.000000e-030 1.000000e-030 3.676786e-001 1.000000e-030 1.000000e-030 1.000000e-030 1.000000e-030 1.000000e-030 1.000000e-030 1.000000e-030 1.633527e-001 1.000000e-030 1.101823e-002 1.000000e-030 3.789621e-002 
1.000000e-030 1.000000e-030 1.000000e-030 2.490635e-002 1.000000e-030 1.000000e-030 1.000000e-030 1.000000e-030 1.000000e-030 1.000000e-030 1.000000e-030 4.261767e-001 1.000000e-030 2.398354e-009 1.000000e-030 8.963421e-003 7.453877e-003 1.000000e-030 1.000000e-030 1.124377e-001 1.000000e-030 1.000000e-030 1.000000e-030 1.000000e-030 1.000000e-030 1.000000e-030 1.000000e-030 3.500055e-001 1.000000e-030 1.000000e-030 1.000000e-030 7.005640e-002 
1.000000e-030 1.000000e-030 1.000000e-030 9.042541e-016 1.000000e-030 1.000000e-030 1.000000e-030 1.709674e-002 1.000000e-030 1.000000e-030 1.000000e-030 1.333697e-001 1.000000e-030 1.444734e-002 1.000000e-030 2.937737e-001 1.000000e-030 1.000000e-030 1.000000e-030 9.997460e-002 1.000000e-030 1.000000e-030 1.000000e-030 1.000000e-030 1.000000e-030 1.000000e-030 1.000000e-030 3.463923e-001 1.000000e-030 1.000000e-030 1.000000e-030 9.494560e-002 
2.831376e-002 2.793844e-002 1.000000e-030 2.479010e-001 2.438915e-003 1.000000e-030 1.000000e-030 1.905210e-003 6.043689e-002 3.678152e-002 1.000000e-030 1.404068e-001 1.000000e-030 2.342969e-002 1.000000e-030 9.496616e-002 2.208333e-002 1.000000e-030 1.000000e-030 2.137445e-001 1.000000e-030 1.000000e-030 1.000000e-030 1.000000e-030 1.281991e-002 1.214375e-002 1.000000e-030 2.755657e-002 1.000000e-030 4.545455e-003 1.000000e-030 4.258799e-002 
