1.00000000000000000000	0.00000000000000000000	0.00000000000000000000	0.00000000000000000000	0.00000000000000000000	

7.275353e-001	2.724647e-001	0.000000e+000	0.000000e+000	0.000000e+000	
0.000000e+000	7.894695e-001	2.105305e-001	0.000000e+000	0.000000e+000	
0.000000e+000	0.000000e+000	9.104932e-001	8.950681e-002	0.000000e+000	
0.000000e+000	0.000000e+000	0.000000e+000	9.170398e-001	8.296017e-002	
0.000000e+000	0.000000e+000	0.000000e+000	0.000000e+000	1.000000e+000	


1.285428e-002 9.203305e-002 7.178721e-002 1.000000e-030 4.541471e-002 1.225361e-001 4.056396e-002 1.000000e-030 6.856181e-002 1.000000e-030 5.850601e-002 1.000000e-030 1.203920e-001 1.000000e-030 4.354957e-002 1.000000e-030 1.000000e-030 1.188755e-001 4.169790e-002 1.000000e-030 7.803175e-002 1.000000e-030 1.000219e-002 1.000000e-030 2.407091e-002 1.000000e-030 5.112301e-002 1.000000e-030 3.915388e-010 1.000000e-030 1.000000e-030 1.000000e-030 
1.000000e-030 1.000000e-030 3.071363e-005 1.000000e-030 1.488083e-002 1.104323e-004 1.401556e-003 1.000000e-030 1.000000e-030 1.000000e-030 1.908266e-002 1.000000e-030 6.066210e-001 1.000000e-030 1.096540e-002 1.000000e-030 1.000000e-030 1.000000e-030 8.104437e-002 1.000000e-030 2.982540e-002 1.000000e-030 1.000000e-030 1.000000e-030 1.000000e-030 1.000000e-030 1.356842e-002 1.000000e-030 2.224692e-001 1.000000e-030 1.000000e-030 1.000000e-030 
1.923308e-012 1.000000e-030 1.000000e-030 1.000000e-030 1.465370e-002 1.000000e-030 1.000000e-030 1.000000e-030 1.000000e-030 1.000000e-030 1.577754e-009 1.000000e-030 6.842940e-002 1.000000e-030 1.000000e-030 1.000000e-030 1.000000e-030 1.000000e-030 1.544592e-016 1.000000e-030 3.299502e-001 1.000000e-030 1.000000e-030 1.000000e-030 6.952413e-003 1.000000e-030 1.000000e-030 1.000000e-030 5.800143e-001 1.000000e-030 1.000000e-030 1.000000e-030 
4.324630e-001 6.009314e-003 1.000000e-030 4.563994e-002 7.990984e-002 1.000000e-030 1.925487e-003 1.000000e-030 1.121663e-002 1.000000e-030 1.000000e-030 1.352652e-002 1.105107e-015 1.000000e-030 1.000000e-030 1.000000e-030 1.085320e-001 1.000000e-030 1.000000e-030 1.000000e-030 2.266822e-001 1.000000e-030 1.000000e-030 1.000000e-030 3.934816e-002 1.000000e-030 1.000000e-030 1.000000e-030 3.474689e-002 1.000000e-030 1.000000e-030 2.817102e-027 
1.727493e-002 1.853129e-002 1.000000e-030 8.757886e-002 1.020408e-003 1.916085e-001 1.366681e-002 6.893356e-002 8.563340e-010 9.268879e-003 1.000000e-030 1.369262e-001 1.000000e-030 1.654883e-001 3.184710e-002 1.046330e-002 3.175972e-002 3.053820e-002 1.000000e-030 2.922077e-002 7.895725e-030 4.928855e-002 1.000000e-030 1.052800e-002 1.000000e-030 1.680731e-002 1.000000e-030 1.830284e-002 1.000000e-030 2.008451e-002 1.636454e-002 2.449754e-002 
