1.00000000000000000000	0.00000000000000000000	0.00000000000000000000	0.00000000000000000000	0.00000000000000000000	

7.694087e-001	2.305913e-001	0.000000e+000	0.000000e+000	0.000000e+000	
0.000000e+000	7.886045e-001	2.113955e-001	0.000000e+000	0.000000e+000	
0.000000e+000	0.000000e+000	8.426737e-001	1.573263e-001	0.000000e+000	
0.000000e+000	0.000000e+000	0.000000e+000	9.028069e-001	9.719313e-002	
0.000000e+000	0.000000e+000	0.000000e+000	0.000000e+000	1.000000e+000	


4.964117e-002 2.481560e-002 3.916056e-002 3.823746e-002 4.250167e-002 6.349745e-002 2.497177e-002 9.050253e-003 1.666664e-002 1.000000e-030 4.330438e-002 1.000000e-030 1.000000e-030 3.859821e-008 1.000000e-030 1.000000e-030 3.973009e-001 1.763233e-001 1.237942e-002 2.910944e-009 1.666662e-002 1.000000e-030 1.000000e-030 4.599857e-005 1.876988e-002 2.666688e-002 1.000000e-030 1.000000e-030 1.000000e-030 1.000000e-030 1.000000e-030 1.000000e-030 
4.503152e-002 1.000000e-030 6.099442e-008 1.868384e-001 1.000000e-030 5.299470e-002 2.885560e-005 9.180572e-002 1.000000e-030 1.677538e-002 1.399539e-006 1.000000e-030 1.000000e-030 1.136187e-001 1.839270e-002 1.000000e-030 1.411001e-001 1.422508e-015 1.239110e-007 1.231834e-001 9.827079e-009 8.590204e-002 1.000000e-030 2.420941e-002 1.385904e-017 4.588322e-002 1.000000e-030 2.317998e-002 1.000000e-030 3.105428e-002 1.000000e-030 1.000000e-030 
1.000000e-030 1.000000e-030 1.000000e-030 6.812098e-003 1.000000e-030 4.848958e-002 1.000000e-030 2.611432e-002 1.000000e-030 9.992067e-003 1.000000e-030 2.640420e-009 1.000000e-030 4.177961e-001 5.951581e-017 1.000000e-030 1.000000e-030 3.370207e-003 1.000000e-030 2.153227e-001 1.000000e-030 2.979241e-002 1.000000e-030 1.000000e-030 1.000000e-030 1.241021e-001 1.000000e-030 5.989427e-002 1.000000e-030 5.276336e-002 5.550787e-003 1.000000e-030 
1.000000e-030 1.000000e-030 1.000000e-030 2.231592e-003 1.000000e-030 3.015537e-003 1.000000e-030 6.199830e-003 1.000000e-030 1.107306e-004 1.000000e-030 7.774148e-002 1.000000e-030 3.544467e-002 1.000000e-030 3.220704e-002 1.000000e-030 1.000000e-030 1.000000e-030 2.311680e-001 1.000000e-030 1.000000e-030 1.000000e-030 1.000000e-030 1.000000e-030 3.125394e-009 1.000000e-030 5.854350e-001 1.000000e-030 1.000000e-030 1.000000e-030 2.644604e-002 
1.000000e-030 1.000000e-030 1.000000e-030 8.630261e-004 1.000000e-030 6.778076e-003 1.000000e-030 1.497630e-002 1.000000e-030 1.000000e-030 1.000000e-030 2.329332e-003 1.000000e-030 1.347116e-001 1.000000e-030 1.910178e-001 1.000000e-030 1.000000e-030 1.000000e-030 4.046792e-003 1.000000e-030 2.016395e-002 1.000000e-030 7.725247e-004 1.000000e-030 1.000000e-030 1.000000e-030 8.141084e-003 1.000000e-030 6.689161e-002 2.428611e-003 5.468793e-001 
