1.00000000000000000000	0.00000000000000000000	0.00000000000000000000	0.00000000000000000000	0.00000000000000000000	

7.326443e-001	2.673557e-001	0.000000e+000	0.000000e+000	0.000000e+000	
0.000000e+000	7.846482e-001	2.153518e-001	0.000000e+000	0.000000e+000	
0.000000e+000	0.000000e+000	8.877388e-001	1.122612e-001	0.000000e+000	
0.000000e+000	0.000000e+000	0.000000e+000	9.035128e-001	9.648722e-002	
0.000000e+000	0.000000e+000	0.000000e+000	0.000000e+000	1.000000e+000	


1.000000e-030 9.987035e-003 1.000000e-030 2.457531e-003 1.000000e-030 1.424848e-001 1.000000e-030 8.139490e-002 1.000000e-030 2.149399e-001 1.000000e-030 1.000000e-030 1.000000e-030 7.652299e-002 1.250076e-002 1.000000e-030 1.782662e-001 1.000000e-030 1.000000e-030 1.677212e-002 1.000000e-030 1.666602e-002 1.000000e-030 3.191617e-002 1.000000e-030 8.199416e-005 1.000000e-030 8.850556e-009 1.000000e-030 1.501594e-001 4.285010e-002 2.300013e-002 
1.000000e-030 1.769747e-002 1.000000e-030 1.906796e-001 1.000000e-030 4.752292e-002 1.000000e-030 5.226365e-003 1.000000e-030 1.811391e-010 1.000000e-030 7.142541e-003 1.000000e-030 7.211094e-002 1.878593e-002 1.000000e-030 1.156232e-015 1.000000e-030 1.000000e-030 3.280485e-001 1.000000e-030 1.000000e-030 1.000000e-030 1.000000e-030 1.000000e-030 2.491757e-002 1.000000e-030 2.607187e-001 1.000000e-030 2.538481e-002 3.772166e-008 1.764644e-003 
1.000000e-030 1.000000e-030 1.000000e-030 1.197525e-001 1.000000e-030 1.000000e-030 1.000000e-030 1.433398e-002 1.000000e-030 1.000000e-030 1.000000e-030 2.925769e-001 1.000000e-030 1.660351e-017 1.000000e-030 1.000000e-030 3.879664e-002 1.000000e-030 1.000000e-030 3.458579e-001 1.000000e-030 1.000000e-030 1.000000e-030 1.000000e-030 1.000000e-030 1.000000e-030 1.000000e-030 1.886821e-001 1.000000e-030 1.410545e-019 1.000000e-030 1.000000e-030 
2.067189e-002 8.634645e-002 6.249494e-003 5.723266e-001 4.075962e-006 2.704277e-003 1.076669e-001 4.220330e-003 1.000000e-030 1.000000e-030 1.357464e-002 8.521553e-002 1.000000e-030 1.000000e-030 1.436061e-002 1.000000e-030 5.020735e-002 1.000000e-030 1.023651e-019 3.587397e-002 1.000000e-030 1.000000e-030 1.000000e-030 1.000000e-030 1.000000e-030 1.000000e-030 1.020341e-026 5.778834e-004 1.000000e-030 1.000000e-030 1.000000e-030 1.000000e-030 
5.405806e-002 4.926417e-002 9.525042e-003 5.339982e-003 1.386663e-001 6.236297e-002 4.135451e-002 6.220297e-002 2.526974e-002 1.656115e-001 4.282614e-002 1.000000e-030 1.273869e-002 8.196723e-004 1.331459e-002 1.000000e-030 1.803997e-002 1.229858e-001 1.334481e-002 1.000000e-030 7.555974e-003 1.904596e-002 1.000000e-030 4.290202e-003 6.458443e-003 1.170153e-001 2.765706e-003 1.000000e-030 1.000000e-030 2.952665e-003 2.190850e-003 1.000000e-030 
