1.00000000000000000000	0.00000000000000000000	0.00000000000000000000	0.00000000000000000000	0.00000000000000000000	

5.291100e-001	4.708900e-001	0.000000e+000	0.000000e+000	0.000000e+000	
0.000000e+000	7.594348e-001	2.405652e-001	0.000000e+000	0.000000e+000	
0.000000e+000	0.000000e+000	9.175077e-001	8.249231e-002	0.000000e+000	
0.000000e+000	0.000000e+000	0.000000e+000	8.954817e-001	1.045183e-001	
0.000000e+000	0.000000e+000	0.000000e+000	0.000000e+000	1.000000e+000	


5.568300e-002 7.409799e-002 1.607865e-002 1.000000e-030 1.917168e-001 1.147818e-001 1.737022e-002 1.000000e-030 1.730274e-001 1.000000e-030 2.510949e-002 1.000000e-030 1.000000e-030 1.000000e-030 4.498313e-002 1.000000e-030 1.000000e-030 1.383228e-001 1.000000e-030 1.000000e-030 2.139579e-002 1.803445e-020 6.514889e-002 1.000000e-030 3.271439e-002 2.060868e-002 8.960948e-003 1.000000e-030 1.000000e-030 1.000000e-030 1.000000e-030 1.000000e-030 
1.000000e-030 7.883603e-028 1.824731e-002 1.000000e-030 2.703148e-002 6.531856e-002 2.740369e-001 1.000000e-030 1.884559e-011 1.000000e-030 2.042744e-001 1.000000e-030 1.000000e-030 1.000000e-030 1.858791e-002 1.000000e-030 1.000000e-030 1.702200e-002 1.000000e-030 1.000000e-030 1.351366e-002 1.381882e-002 1.830464e-001 1.000000e-030 1.000000e-030 1.156555e-015 1.502877e-001 1.000000e-030 1.000000e-030 1.000000e-030 1.481484e-002 1.000000e-030 
1.000000e-030 1.000000e-030 1.000000e-030 1.000000e-030 1.000000e-030 1.831467e-019 1.718302e-001 1.000000e-030 1.000000e-030 1.000000e-030 5.118016e-001 1.000000e-030 4.550630e-019 1.000000e-030 2.045777e-003 1.000000e-030 1.000000e-030 1.000000e-030 2.133937e-014 1.000000e-030 1.000000e-030 1.000000e-030 2.720515e-002 1.000000e-030 1.000000e-030 1.000000e-030 2.871173e-001 1.000000e-030 1.000000e-030 1.000000e-030 1.000000e-030 1.000000e-030 
1.000000e-030 1.000000e-030 1.000000e-030 1.000000e-030 7.076405e-026 1.000000e-030 9.704075e-002 1.000000e-030 1.000000e-030 1.000000e-030 4.383722e-001 1.000000e-030 7.792292e-002 1.000000e-030 8.325530e-006 1.000000e-030 1.000000e-030 1.000000e-030 1.015231e-001 1.000000e-030 1.000000e-030 1.000000e-030 3.550560e-003 1.000000e-030 1.000000e-030 1.000000e-030 2.815822e-001 1.000000e-030 1.000000e-030 1.000000e-030 1.000000e-030 1.000000e-030 
1.000000e-030 1.096881e-001 3.256280e-001 1.000000e-030 9.302536e-003 1.072302e-002 8.492299e-002 1.000000e-030 3.264046e-002 1.000000e-030 4.216701e-002 1.000000e-030 5.799363e-002 1.000000e-030 2.078074e-002 1.000000e-030 1.347607e-003 5.514692e-002 2.158817e-001 1.000000e-030 9.868072e-004 9.424875e-004 2.890210e-003 1.000000e-030 1.000000e-030 6.411194e-003 1.911470e-002 1.000000e-030 1.000000e-030 1.000000e-030 3.431878e-003 1.000000e-030 
