1.00000000000000000000	0.00000000000000000000	0.00000000000000000000	0.00000000000000000000	0.00000000000000000000	

7.316411e-001	2.683589e-001	0.000000e+000	0.000000e+000	0.000000e+000	
0.000000e+000	7.763567e-001	2.236433e-001	0.000000e+000	0.000000e+000	
0.000000e+000	0.000000e+000	7.128609e-001	2.871391e-001	0.000000e+000	
0.000000e+000	0.000000e+000	0.000000e+000	8.617305e-001	1.382695e-001	
0.000000e+000	0.000000e+000	0.000000e+000	0.000000e+000	1.000000e+000	


1.000006e-002 1.361039e-001 9.530131e-002 8.605855e-002 1.000000e-030 7.810306e-002 2.249458e-002 1.000000e-030 1.251662e-001 2.770940e-002 1.000000e-030 1.000000e-030 1.000000e-030 1.250101e-002 1.072379e-001 1.000000e-030 1.000000e-030 2.158110e-001 3.331725e-006 1.000000e-030 1.000000e-030 1.520945e-002 1.000000e-030 1.000000e-030 3.892827e-002 1.687160e-002 1.000000e-030 1.000000e-030 1.000000e-030 1.000000e-030 1.250043e-002 1.000000e-030 
1.000000e-030 4.597571e-002 2.440817e-001 1.321828e-009 1.000000e-030 3.686605e-002 2.691486e-001 1.000000e-030 1.000000e-030 1.000000e-030 3.088416e-002 1.000000e-030 1.000000e-030 1.000000e-030 6.144522e-002 1.000000e-030 1.000000e-030 5.079216e-005 2.740875e-001 1.000000e-030 1.000000e-030 1.000000e-030 4.934807e-003 1.000000e-030 1.000000e-030 1.313457e-002 1.939090e-002 1.000000e-030 1.000000e-030 1.000000e-030 1.000000e-030 1.000000e-030 
1.000000e-030 1.000000e-030 2.963013e-003 1.000000e-030 1.000000e-030 1.666667e-002 2.616327e-001 1.000000e-030 1.000000e-030 1.000000e-030 6.884386e-002 1.000000e-030 1.000000e-030 1.000000e-030 8.687433e-002 1.000000e-030 1.000000e-030 1.000000e-030 2.000357e-001 1.000000e-030 1.000000e-030 1.000000e-030 1.026203e-001 1.000000e-030 1.000000e-030 1.000000e-030 2.603634e-001 1.000000e-030 1.000000e-030 1.000000e-030 1.000000e-030 1.000000e-030 
1.000000e-030 1.000000e-030 1.000000e-030 1.000000e-030 1.000000e-030 1.139163e-003 1.305202e-001 1.000000e-030 1.000000e-030 1.000000e-030 5.003036e-004 1.000000e-030 1.000000e-030 1.000000e-030 2.922606e-001 1.000000e-030 1.000000e-030 1.000000e-030 2.429502e-012 1.000000e-030 1.000000e-030 1.000000e-030 4.813993e-001 1.000000e-030 1.000000e-030 1.000000e-030 8.586189e-002 1.000000e-030 1.000000e-030 1.000000e-030 8.318527e-003 1.000000e-030 
1.000000e-030 1.000000e-030 1.000000e-030 1.000000e-030 1.000000e-030 5.519194e-002 1.303741e-002 7.845237e-003 1.000000e-030 1.000000e-030 1.639372e-003 1.000000e-030 1.000000e-030 1.000000e-030 3.199883e-001 1.000000e-030 1.000000e-030 2.111098e-003 1.000000e-030 1.000000e-030 1.000000e-030 5.127260e-002 1.601027e-001 1.000000e-030 1.000000e-030 1.000000e-030 7.093507e-003 1.000000e-030 1.000000e-030 2.284484e-003 3.794334e-001 1.000000e-030 
