1.00000000000000000000	0.00000000000000000000	0.00000000000000000000	0.00000000000000000000	0.00000000000000000000	

7.238960e-001	2.761040e-001	0.000000e+000	0.000000e+000	0.000000e+000	
0.000000e+000	8.325407e-001	1.674593e-001	0.000000e+000	0.000000e+000	
0.000000e+000	0.000000e+000	8.478131e-001	1.521869e-001	0.000000e+000	
0.000000e+000	0.000000e+000	0.000000e+000	9.412131e-001	5.878690e-002	
0.000000e+000	0.000000e+000	0.000000e+000	0.000000e+000	1.000000e+000	


1.000000e-030 1.666667e-002 1.000000e-030 1.000000e-030 1.000000e-030 2.499569e-001 1.271200e-002 1.666667e-002 1.000000e-030 1.000000e-030 3.705816e-008 1.000000e-030 1.000000e-030 3.686399e-002 1.264083e-002 1.271200e-002 1.000000e-030 1.535285e-001 1.000000e-030 1.000000e-030 1.000000e-030 3.780863e-001 2.499998e-002 1.000000e-030 1.000000e-030 6.250000e-002 1.000000e-030 1.000000e-030 1.000000e-030 1.209832e-002 1.056778e-002 1.000000e-030 
1.000000e-030 3.188206e-011 1.000000e-030 1.000000e-030 1.000000e-030 1.633761e-001 1.081747e-030 1.000000e-030 1.000000e-030 1.000000e-030 2.499998e-002 1.000000e-030 6.528945e-014 7.331930e-004 9.067107e-002 8.262553e-019 1.000000e-030 7.693254e-011 1.000000e-030 1.000000e-030 1.000000e-030 1.951141e-001 3.193871e-007 1.000000e-030 1.000000e-030 7.503232e-003 2.500002e-002 1.000000e-030 1.000000e-030 6.261878e-002 4.299832e-001 1.000000e-030 
1.000000e-030 1.730201e-002 1.000000e-030 1.000000e-030 1.000000e-030 5.088197e-002 1.264507e-001 4.166654e-003 1.000000e-030 1.000000e-030 4.114400e-002 1.000000e-030 5.000000e-002 7.388018e-003 2.650388e-001 1.000000e-030 1.000000e-030 1.000000e-030 1.000000e-030 1.000000e-030 1.246101e-014 2.544662e-002 9.143922e-002 1.000000e-030 1.000000e-030 1.000000e-030 3.653136e-002 1.000000e-030 1.000000e-030 4.166654e-003 2.800440e-001 1.000000e-030 
1.000000e-030 1.000000e-030 1.643828e-004 1.000000e-030 5.008833e-003 1.000000e-030 4.091808e-002 1.000000e-030 1.470588e-002 1.214306e-018 8.807211e-002 1.000000e-030 3.858887e-001 1.000000e-030 1.892125e-002 1.000000e-030 1.000000e-030 1.000000e-030 4.877085e-002 1.000000e-030 1.300632e-001 1.000000e-030 9.576506e-002 1.000000e-030 1.119711e-002 1.000000e-030 7.737106e-002 1.000000e-030 8.315344e-002 1.000000e-030 2.345298e-017 1.000000e-030 
1.395202e-003 7.069218e-002 1.175761e-002 1.000000e-003 3.785331e-003 1.063499e-001 8.321568e-003 6.788027e-002 9.907194e-002 9.944878e-002 1.000000e-030 1.000000e-030 2.122152e-003 8.710131e-003 1.200703e-002 1.000000e-030 1.000000e-030 1.036185e-001 2.802324e-003 1.000000e-030 3.874697e-002 1.154818e-001 1.608144e-003 2.181323e-003 2.367096e-002 2.020028e-001 1.000000e-030 1.000000e-030 9.005496e-003 3.825015e-003 4.514566e-003 1.000000e-030 
