1.00000000000000000000	0.00000000000000000000	0.00000000000000000000	0.00000000000000000000	0.00000000000000000000	

5.674278e-001	4.325722e-001	0.000000e+000	0.000000e+000	0.000000e+000	
0.000000e+000	7.648893e-001	2.351107e-001	0.000000e+000	0.000000e+000	
0.000000e+000	0.000000e+000	9.103732e-001	8.962676e-002	0.000000e+000	
0.000000e+000	0.000000e+000	0.000000e+000	9.137414e-001	8.625857e-002	
0.000000e+000	0.000000e+000	0.000000e+000	0.000000e+000	1.000000e+000	


1.000000e-030 1.666653e-002 1.000000e-030 5.843291e-019 1.000000e-030 1.480248e-001 1.000000e-030 5.220248e-002 1.666667e-002 8.138371e-002 1.000000e-030 3.913922e-002 1.000000e-030 5.000852e-002 1.000000e-030 5.000000e-002 1.401220e-002 3.848448e-001 1.000000e-030 3.581016e-002 1.000000e-030 1.000000e-030 1.000000e-030 1.666667e-002 1.000000e-030 1.000000e-030 1.000000e-030 9.456173e-002 1.000000e-030 1.000000e-030 1.252172e-005 1.000000e-030 
1.000000e-030 8.860065e-008 1.000000e-030 4.929998e-002 1.000000e-030 2.309783e-002 1.591326e-002 1.158136e-002 1.000000e-030 2.116258e-017 1.000000e-030 5.542264e-001 1.000000e-030 6.371264e-002 1.000000e-030 1.667363e-002 2.500917e-002 4.895722e-012 1.000000e-030 6.137760e-002 1.000000e-030 1.000000e-030 1.000000e-030 1.476888e-010 1.000000e-030 1.000000e-030 1.000000e-030 1.323381e-001 1.000000e-030 1.667240e-002 1.665274e-002 1.344481e-002 
1.000000e-030 1.000000e-030 1.000000e-030 7.386186e-003 1.000000e-030 1.000000e-030 1.855588e-011 8.357269e-007 1.000000e-030 1.000000e-030 1.000000e-030 8.580731e-001 1.000000e-030 5.978300e-027 1.000000e-030 1.065205e-002 2.072289e-002 1.000000e-030 1.000000e-030 1.157677e-006 1.000000e-030 1.000000e-030 1.000000e-030 6.208359e-003 1.000000e-030 1.000000e-030 1.000000e-030 3.510532e-002 1.000000e-030 1.000000e-030 1.000000e-030 6.185014e-002 
1.000000e-030 1.000000e-030 1.000000e-030 5.298983e-023 1.000000e-030 1.000000e-030 1.000000e-030 1.000000e-030 1.000000e-030 1.000000e-030 1.000000e-030 6.103844e-001 1.000000e-030 1.000000e-030 1.000000e-030 2.799964e-002 5.399649e-025 1.000000e-030 1.000000e-030 2.347391e-002 1.000000e-030 1.000000e-030 1.000000e-030 1.000000e-030 1.000000e-030 1.000000e-030 1.000000e-030 2.859562e-001 1.000000e-030 1.000000e-030 1.000000e-030 5.218589e-002 
1.000000e-030 1.000000e-030 1.000000e-030 8.470067e-002 1.000000e-030 3.194297e-003 1.000000e-030 1.158250e-002 1.216383e-003 6.149785e-003 1.000000e-030 6.703423e-002 1.000000e-030 2.359691e-002 1.000000e-030 1.990704e-001 2.419413e-002 1.000000e-030 1.000000e-030 3.314134e-001 1.000000e-030 1.000000e-030 1.000000e-030 3.685813e-003 1.000000e-030 1.202824e-002 1.000000e-030 2.142156e-001 1.000000e-030 1.098206e-003 1.000000e-030 1.681940e-002 
