1.00000000000000000000	0.00000000000000000000	0.00000000000000000000	0.00000000000000000000	0.00000000000000000000	

6.933964e-001	3.066036e-001	0.000000e+000	0.000000e+000	0.000000e+000	
0.000000e+000	8.304150e-001	1.695850e-001	0.000000e+000	0.000000e+000	
0.000000e+000	0.000000e+000	8.784745e-001	1.215255e-001	0.000000e+000	
0.000000e+000	0.000000e+000	0.000000e+000	9.141173e-001	8.588270e-002	
0.000000e+000	0.000000e+000	0.000000e+000	0.000000e+000	1.000000e+000	


1.000000e-030 9.218769e-003 1.000000e-030 1.000000e-030 1.000000e-030 2.787951e-001 1.000000e-030 1.312494e-002 1.000000e-030 9.019668e-003 1.000000e-030 1.000000e-030 1.000000e-030 5.430120e-002 9.218769e-003 1.000000e-030 1.000000e-030 3.103857e-001 1.000000e-030 1.000000e-030 1.000000e-030 2.463500e-001 1.000000e-030 1.000000e-030 1.000000e-030 2.848369e-002 1.000000e-030 1.000000e-030 1.000000e-030 2.381232e-002 1.728985e-002 1.000000e-030 
1.000000e-030 1.000000e-030 1.000000e-030 1.000000e-030 1.000000e-030 1.651141e-001 1.000000e-030 1.502451e-001 1.000000e-030 4.562566e-002 1.000000e-030 1.000000e-030 1.000000e-030 1.654731e-002 5.560390e-003 1.000000e-030 1.000000e-030 3.365261e-002 1.000000e-030 1.000000e-030 1.000000e-030 1.592605e-001 1.000000e-030 1.000000e-030 1.000000e-030 3.287160e-001 1.000000e-030 1.000000e-030 1.000000e-030 8.443546e-002 1.084282e-002 1.000000e-030 
1.000000e-030 5.914935e-002 1.818931e-014 1.543218e-002 1.000000e-030 4.444577e-002 1.000000e-030 1.150349e-001 5.459085e-002 6.281623e-001 1.000000e-030 1.000000e-030 1.000000e-030 1.712368e-002 1.000000e-030 1.000000e-030 1.000000e-030 3.361647e-002 1.000000e-030 1.000000e-030 1.000000e-030 1.000000e-030 1.000000e-030 1.000000e-030 1.972285e-014 3.244448e-002 1.000000e-030 1.000000e-030 1.000000e-030 1.000000e-030 1.000000e-030 1.000000e-030 
1.119892e-001 3.188282e-002 2.625348e-003 1.000000e-030 1.000000e-030 1.000000e-030 1.000000e-030 4.024937e-012 1.121934e-001 1.338505e-002 1.000000e-030 2.930339e-021 1.000000e-030 1.000000e-030 1.000000e-030 1.000000e-030 1.086957e-002 2.532829e-012 1.000000e-030 1.000000e-030 5.333331e-003 1.000000e-030 1.000000e-030 1.000000e-030 7.117213e-001 1.000000e-030 1.000000e-030 1.000000e-030 1.000000e-030 1.000000e-030 1.000000e-030 1.000000e-030 
3.995688e-002 3.129048e-003 1.000000e-030 4.919503e-003 1.000000e-030 7.418919e-002 1.547441e-003 1.559588e-001 6.489141e-004 9.659429e-003 1.000000e-030 1.932120e-002 1.000000e-030 3.463056e-002 3.077288e-003 1.000000e-030 8.558361e-002 1.771348e-002 1.000000e-030 1.000000e-030 1.000000e-030 1.065638e-001 1.000000e-030 3.006157e-001 2.724097e-002 4.964091e-002 1.000000e-030 1.694915e-003 1.000000e-030 5.769744e-002 4.516086e-003 1.694915e-003 
