1.00000000000000000000	0.00000000000000000000	0.00000000000000000000	0.00000000000000000000	0.00000000000000000000	

8.308267e-001	1.691733e-001	0.000000e+000	0.000000e+000	0.000000e+000	
0.000000e+000	5.138751e-001	4.861249e-001	0.000000e+000	0.000000e+000	
0.000000e+000	0.000000e+000	8.316888e-001	1.683112e-001	0.000000e+000	
0.000000e+000	0.000000e+000	0.000000e+000	9.412294e-001	5.877059e-002	
0.000000e+000	0.000000e+000	0.000000e+000	0.000000e+000	1.000000e+000	


2.239142e-007 1.000000e-030 1.000000e-030 1.893340e-008 5.214679e-009 5.442420e-004 3.412304e-015 1.000000e-030 6.689209e-002 1.000000e-030 1.000000e-030 4.690646e-001 1.000000e-030 1.000000e-030 1.000000e-030 1.000000e-030 1.179654e-007 1.000000e-030 1.000000e-030 5.938057e-002 1.821284e-007 1.000000e-030 1.619449e-015 1.000000e-030 1.000000e-030 1.000000e-030 1.000000e-030 4.041179e-001 6.443368e-009 1.000000e-030 1.000000e-030 1.000000e-030 
3.745745e-002 1.000000e-030 1.000000e-030 1.071312e-001 1.649030e-001 6.912882e-003 1.134375e-001 1.000000e-030 1.979336e-001 1.000000e-030 1.000000e-030 1.954828e-002 1.000000e-030 1.000000e-030 7.122386e-012 1.000000e-030 2.499975e-002 1.000000e-030 1.000000e-030 1.762028e-002 8.369773e-002 1.000000e-030 1.641240e-001 1.000000e-030 1.000000e-030 1.000000e-030 1.000000e-030 3.727670e-002 2.495772e-002 1.000000e-030 5.399837e-015 1.000000e-030 
8.436303e-010 1.000000e-030 1.000000e-030 2.056000e-009 3.203512e-002 1.000000e-030 1.634281e-001 1.000000e-030 1.885058e-008 1.000000e-030 2.525073e-002 1.000000e-030 1.000000e-030 1.000000e-030 2.503183e-001 1.000000e-030 1.000000e-030 1.000000e-030 1.000000e-030 1.000000e-030 8.333299e-003 1.000000e-030 3.465692e-001 1.000000e-030 1.000000e-030 1.000000e-030 3.288534e-002 1.000000e-030 1.000000e-030 1.000000e-030 1.411798e-001 1.000000e-030 
1.000000e-030 4.029891e-002 6.976806e-002 1.081738e-003 1.156139e-002 1.677319e-002 2.708965e-002 1.000000e-030 1.000000e-030 3.232156e-003 4.732486e-002 1.000000e-030 1.000000e-030 1.000000e-030 1.908844e-001 1.000000e-030 1.000000e-030 1.000000e-030 8.823828e-002 1.000000e-030 1.000000e-030 1.000000e-030 4.456394e-003 1.000000e-030 1.000000e-030 1.000000e-030 2.623147e-001 1.000000e-030 1.000000e-030 1.000000e-030 2.369763e-001 1.000000e-030 
7.849556e-004 2.516671e-002 6.770091e-003 4.274036e-002 1.177491e-002 7.271428e-002 1.000000e-030 2.572654e-001 6.404359e-003 3.958290e-003 5.649605e-013 7.826589e-003 8.919240e-003 9.515175e-003 1.000000e-030 1.610276e-001 1.000000e-030 1.000000e-030 3.596221e-003 1.366369e-001 4.127587e-003 1.885861e-002 1.000000e-030 1.233387e-002 7.187650e-003 1.000000e-030 7.819113e-021 2.352168e-003 1.715053e-002 6.730580e-002 1.000000e-030 1.155827e-001 
