1.00000000000000000000	0.00000000000000000000	0.00000000000000000000	0.00000000000000000000	0.00000000000000000000	

7.869484e-001	2.130516e-001	0.000000e+000	0.000000e+000	0.000000e+000	
0.000000e+000	7.477677e-001	2.522323e-001	0.000000e+000	0.000000e+000	
0.000000e+000	0.000000e+000	7.038934e-001	2.961066e-001	0.000000e+000	
0.000000e+000	0.000000e+000	0.000000e+000	9.652643e-001	3.473569e-002	
0.000000e+000	0.000000e+000	0.000000e+000	0.000000e+000	1.000000e+000	


1.000000e-030 1.000000e-030 1.000000e-030 4.915665e-002 3.143255e-002 1.000000e-030 7.142858e-003 1.000000e-030 1.113144e-001 1.000000e-030 7.142858e-003 8.889632e-002 1.000000e-030 1.000000e-030 1.000000e-030 2.886306e-004 1.000000e-030 1.000000e-030 1.000000e-030 9.031758e-002 1.000000e-030 1.000000e-030 1.000000e-030 1.000000e-030 2.267898e-001 7.142876e-003 1.000000e-030 7.692338e-002 3.034520e-001 1.000000e-030 1.000000e-030 1.000000e-030 
1.000000e-030 1.000000e-030 1.000000e-030 1.211819e-005 1.000000e-030 1.008969e-002 1.000000e-030 8.531048e-003 3.002626e-010 1.000000e-030 1.000000e-030 1.014332e-024 1.000000e-030 3.124737e-002 1.000000e-030 4.040828e-001 1.000000e-030 1.000000e-030 1.000000e-030 2.300885e-001 1.000000e-030 1.000000e-030 1.000000e-030 4.981108e-002 6.660199e-002 2.283494e-002 1.000000e-030 9.888132e-002 6.755789e-002 1.984040e-003 1.000000e-030 8.277286e-003 
1.000000e-030 1.000000e-030 1.000000e-030 1.000000e-030 1.000000e-030 2.300372e-002 1.000000e-030 1.621950e-010 1.000000e-030 1.000000e-030 1.000000e-030 1.000000e-030 1.000000e-030 5.211104e-001 1.000000e-030 1.483644e-001 1.000000e-030 1.000000e-030 1.000000e-030 1.054924e-001 1.000000e-030 3.212328e-002 1.000000e-030 7.456935e-004 1.022031e-010 4.063093e-002 1.000000e-030 3.466839e-009 1.000000e-030 1.160293e-001 1.000000e-030 1.249976e-002 
1.000000e-030 1.000000e-030 1.000000e-030 1.000000e-030 1.000000e-030 1.754150e-002 1.000000e-030 1.215800e-002 1.148357e-003 1.000000e-030 1.000000e-030 1.000000e-030 1.000000e-030 3.053123e-001 1.000000e-030 6.738394e-003 1.000000e-030 1.033088e-003 1.000000e-030 7.219186e-003 1.000000e-030 6.019086e-002 1.000000e-030 8.219974e-002 1.000000e-030 1.680889e-001 1.000000e-030 1.000000e-030 1.000000e-030 3.383696e-001 1.000000e-030 3.048994e-015 
1.000000e-030 1.000000e-030 1.000000e-030 6.490232e-004 1.000000e-030 4.750357e-004 1.000000e-030 4.513366e-003 1.031210e-003 1.000000e-030 1.000000e-030 1.678811e-002 1.000000e-030 5.524756e-002 1.000000e-030 2.653924e-001 1.000000e-030 1.000000e-030 1.000000e-030 3.727810e-002 1.000000e-030 1.000000e-030 1.000000e-030 4.733633e-002 7.627427e-003 1.303369e-003 1.000000e-030 1.335838e-001 1.000000e-030 1.487612e-001 1.000000e-030 2.800131e-001 
