1.00000000000000000000	0.00000000000000000000	0.00000000000000000000	0.00000000000000000000	0.00000000000000000000	

8.041226e-001	1.958774e-001	0.000000e+000	0.000000e+000	0.000000e+000	
0.000000e+000	7.695180e-001	2.304820e-001	0.000000e+000	0.000000e+000	
0.000000e+000	0.000000e+000	7.152979e-001	2.847021e-001	0.000000e+000	
0.000000e+000	0.000000e+000	0.000000e+000	9.565482e-001	4.345176e-002	
0.000000e+000	0.000000e+000	0.000000e+000	0.000000e+000	1.000000e+000	


2.540174e-001 1.000000e-030 4.549374e-003 1.518895e-002 8.091506e-029 1.000000e-030 7.068572e-006 1.000000e-030 1.589408e-001 1.000000e-030 1.267979e-002 1.304924e-001 1.000000e-030 1.000000e-030 1.000000e-030 1.000000e-030 3.318826e-001 1.000000e-030 1.000000e-030 4.113591e-002 1.000000e-030 1.000000e-030 1.000000e-030 1.000000e-030 3.264378e-002 1.000000e-030 1.000000e-030 1.846190e-002 1.000000e-030 1.000000e-030 1.000000e-030 1.000000e-030 
4.970532e-001 1.000000e-030 3.106214e-002 4.204693e-002 6.068707e-002 1.000000e-030 2.200407e-002 1.000000e-030 9.103210e-002 1.000000e-030 1.613481e-001 7.198407e-014 1.000000e-030 1.000000e-030 1.000000e-030 1.000000e-030 8.627332e-002 1.000000e-030 1.000000e-030 6.048120e-003 1.086171e-007 1.000000e-030 8.221813e-010 1.000000e-030 1.104007e-025 1.000000e-030 1.000000e-030 2.444841e-003 1.000000e-030 1.000000e-030 1.000000e-030 1.000000e-030 
1.331990e-001 1.000000e-030 4.163535e-005 7.059394e-005 3.167633e-001 1.000000e-030 2.505208e-001 1.000000e-030 6.504179e-003 1.000000e-030 1.682463e-001 1.000000e-030 1.000000e-030 1.000000e-030 1.548116e-002 1.000000e-030 4.880888e-014 1.000000e-030 2.105771e-003 1.000000e-030 2.832927e-002 1.000000e-030 7.873803e-002 1.000000e-030 1.000000e-030 1.000000e-030 1.000000e-030 1.000000e-030 1.000000e-030 1.000000e-030 1.000000e-030 1.000000e-030 
1.199171e-003 5.163975e-010 1.000000e-030 7.157209e-002 1.378294e-001 1.000000e-030 3.556605e-001 1.176034e-003 1.000000e-030 1.000000e-030 2.135463e-003 1.000000e-030 1.642114e-002 1.000000e-030 4.459818e-003 1.000000e-030 1.000000e-030 1.000000e-030 1.000000e-030 1.176034e-003 1.204184e-001 1.000000e-030 2.792356e-001 1.000000e-030 1.000000e-030 1.000000e-030 1.000000e-030 1.000000e-030 8.716255e-003 1.000000e-030 1.000000e-030 1.000000e-030 
1.000000e-030 2.636478e-002 2.888387e-003 4.484878e-002 2.418360e-002 1.909421e-001 9.369576e-003 1.880397e-002 1.099698e-002 3.089361e-001 4.838847e-004 2.085808e-003 3.764528e-003 4.399121e-002 1.000000e-030 8.809713e-004 6.097561e-004 3.660339e-002 1.000000e-030 1.081789e-002 3.421145e-002 8.633350e-003 1.000000e-030 9.842552e-004 1.684475e-002 1.922773e-001 1.000000e-030 4.671432e-004 7.366708e-003 2.643410e-003 1.000000e-030 1.000000e-030 
