1.00000000000000000000	0.00000000000000000000	0.00000000000000000000	0.00000000000000000000	0.00000000000000000000	

6.883939e-001	3.116061e-001	0.000000e+000	0.000000e+000	0.000000e+000	
0.000000e+000	7.569217e-001	2.430783e-001	0.000000e+000	0.000000e+000	
0.000000e+000	0.000000e+000	8.276990e-001	1.723010e-001	0.000000e+000	
0.000000e+000	0.000000e+000	0.000000e+000	9.666394e-001	3.336063e-002	
0.000000e+000	0.000000e+000	0.000000e+000	0.000000e+000	1.000000e+000	


9.181175e-002 6.878426e-005 6.538297e-002 1.223325e-010 1.000000e-030 1.000000e-030 3.385225e-002 1.000000e-030 5.487569e-002 1.000000e-030 7.549924e-002 3.793360e-004 1.000000e-030 1.000000e-030 1.312216e-001 1.000000e-030 1.000000e-030 1.000000e-030 3.087062e-002 1.000000e-030 1.633071e-027 1.000000e-030 1.000000e-030 1.000000e-030 1.653788e-002 1.000000e-030 3.780085e-001 1.000000e-030 1.000000e-030 1.000000e-030 1.214914e-001 1.000000e-030 
1.465989e-001 7.641885e-003 6.612938e-007 5.905872e-002 6.178872e-002 1.000000e-030 1.005857e-001 1.000000e-030 1.480079e-001 1.000000e-030 1.582244e-001 3.439114e-002 1.000000e-030 1.000000e-030 5.932423e-002 1.000000e-030 1.000000e-030 1.000000e-030 9.842050e-003 1.249526e-002 9.842040e-003 1.000000e-030 1.000000e-030 1.000000e-030 1.000000e-030 1.000000e-030 1.917430e-001 1.000000e-030 1.000000e-030 1.000000e-030 4.554185e-004 1.000000e-030 
3.404539e-005 1.000000e-030 1.000000e-030 2.012777e-014 6.362912e-007 1.000000e-030 2.335206e-002 1.000000e-030 2.095099e-008 1.000000e-030 1.115781e-001 1.000000e-030 1.000000e-030 1.000000e-030 3.011385e-001 1.000000e-030 1.000000e-030 1.000000e-030 8.647093e-029 1.000000e-030 1.000000e-030 1.000000e-030 6.686932e-003 1.000000e-030 1.000000e-030 1.000000e-030 2.932296e-001 1.000000e-030 1.000000e-030 1.000000e-030 2.639801e-001 1.000000e-030 
1.372302e-022 1.000000e-030 6.293258e-004 1.000000e-030 6.888440e-003 1.000000e-030 4.280766e-002 1.000000e-030 1.000000e-030 1.000000e-030 7.962460e-002 1.000000e-030 1.000000e-030 1.000000e-030 2.800913e-001 1.000000e-030 1.000000e-030 1.000000e-030 5.808385e-003 1.000000e-030 1.000000e-030 1.000000e-030 1.512590e-002 1.000000e-030 1.000000e-030 1.000000e-030 1.915566e-001 1.000000e-030 1.000000e-030 1.000000e-030 3.774678e-001 1.000000e-030 
2.397262e-001 1.000000e-030 2.678662e-002 1.721543e-001 1.313567e-001 3.104529e-003 2.574420e-002 3.748210e-003 1.329173e-001 1.000000e-030 8.268323e-002 1.727209e-002 1.050620e-002 1.000000e-030 1.690257e-003 1.000000e-030 2.938006e-002 1.000000e-030 1.206974e-002 3.251334e-002 2.255685e-002 1.000000e-030 1.000000e-030 1.782093e-003 1.147690e-002 1.000000e-030 5.783717e-003 8.587207e-004 3.588874e-002 1.000000e-030 1.000000e-030 1.000000e-030 
