1.00000000000000000000	0.00000000000000000000	0.00000000000000000000	0.00000000000000000000	0.00000000000000000000	

8.059157e-001	1.940843e-001	0.000000e+000	0.000000e+000	0.000000e+000	
0.000000e+000	5.826248e-001	4.173752e-001	0.000000e+000	0.000000e+000	
0.000000e+000	0.000000e+000	7.813402e-001	2.186598e-001	0.000000e+000	
0.000000e+000	0.000000e+000	0.000000e+000	9.646183e-001	3.538171e-002	
0.000000e+000	0.000000e+000	0.000000e+000	0.000000e+000	1.000000e+000	


1.000000e-030 1.000000e-030 1.000000e-030 2.115325e-012 1.700593e-015 1.000000e-030 1.000000e-030 1.000000e-030 2.354185e-002 1.000000e-030 1.000000e-030 3.815619e-001 1.000000e-030 1.000000e-030 1.000000e-030 1.000000e-030 1.000000e-030 1.647786e-004 1.000000e-030 3.819373e-002 6.810979e-008 1.000000e-030 1.000000e-030 1.000000e-030 1.000000e-030 1.000000e-030 1.000000e-030 5.565376e-001 1.683646e-011 1.000000e-030 1.000000e-030 1.000000e-030 
4.164621e-002 1.000000e-030 1.000000e-030 1.381736e-001 1.280525e-001 1.000000e-030 8.800282e-004 1.000000e-030 1.775514e-001 1.000000e-030 1.000000e-030 1.043447e-001 1.000000e-030 1.000000e-030 1.000000e-030 1.000000e-030 1.000000e-030 1.245521e-002 1.000000e-030 6.039518e-002 2.601940e-001 1.000000e-030 3.107440e-008 1.000000e-030 1.000000e-030 1.000000e-030 1.000000e-030 2.631212e-002 4.999505e-002 1.000000e-030 1.000000e-030 1.000000e-030 
2.690693e-005 1.000000e-030 1.000000e-030 2.762624e-002 8.889535e-002 1.000000e-030 3.670590e-001 1.000000e-030 4.450153e-003 1.000000e-030 1.576026e-003 1.000000e-030 1.000000e-030 1.000000e-030 5.055420e-003 1.000000e-030 1.000000e-030 1.000000e-030 1.000000e-030 1.799917e-009 2.418147e-001 1.000000e-030 2.634962e-001 1.000000e-030 1.000000e-030 1.000000e-030 1.000000e-030 1.000000e-030 6.525608e-012 1.000000e-030 1.000000e-030 1.000000e-030 
5.914810e-021 1.000000e-030 1.000000e-030 1.000000e-030 2.502987e-002 1.000000e-030 3.788179e-001 1.000000e-030 4.883451e-011 1.000000e-030 2.617988e-002 1.000000e-030 1.000000e-030 1.000000e-030 1.318424e-001 1.000000e-030 1.000000e-030 1.000000e-030 1.000000e-030 1.000000e-030 6.710574e-003 1.000000e-030 4.067569e-001 1.000000e-030 1.000000e-030 1.000000e-030 1.129740e-002 1.000000e-030 1.000000e-030 1.000000e-030 1.336515e-002 1.000000e-030 
3.998026e-002 1.000000e-030 4.759784e-003 1.272740e-001 1.679275e-001 1.000000e-030 7.095751e-002 2.152754e-002 1.269068e-002 1.000000e-030 7.135104e-002 1.000000e-030 2.840253e-001 1.000000e-030 4.951016e-003 1.000000e-030 8.771889e-004 1.000000e-030 1.000000e-030 6.688189e-003 6.044895e-002 1.000000e-030 1.842699e-003 1.624995e-002 2.997221e-003 1.000000e-030 5.221416e-003 1.000000e-030 1.002298e-001 1.000000e-030 1.000000e-030 1.000000e-030 
