1.00000000000000000000	0.00000000000000000000	0.00000000000000000000	0.00000000000000000000	0.00000000000000000000	

6.833094e-001	3.166906e-001	0.000000e+000	0.000000e+000	0.000000e+000	
0.000000e+000	8.058350e-001	1.941650e-001	0.000000e+000	0.000000e+000	
0.000000e+000	0.000000e+000	8.905094e-001	1.094906e-001	0.000000e+000	
0.000000e+000	0.000000e+000	0.000000e+000	9.592618e-001	4.073816e-002	
0.000000e+000	0.000000e+000	0.000000e+000	0.000000e+000	1.000000e+000	


3.666473e-002 1.251051e-001 1.397152e-002 1.000000e-030 1.000000e-030 9.135652e-002 1.000000e-030 1.000000e-030 2.467297e-001 1.040051e-001 1.000000e-030 2.832258e-002 1.000000e-030 6.378538e-002 1.000000e-030 1.000000e-030 1.000000e-030 6.051914e-002 1.198557e-002 3.923993e-002 1.000000e-030 4.906920e-011 1.000000e-030 1.000000e-030 1.671299e-001 1.180983e-003 1.000000e-030 1.000381e-002 1.000000e-030 1.000000e-030 1.000000e-030 1.000000e-030 
3.187912e-006 1.329725e-001 1.306230e-002 1.249378e-002 1.000000e-030 2.057627e-002 1.000000e-030 1.000000e-030 4.879825e-002 1.687847e-001 1.000000e-030 7.850656e-002 1.000000e-030 1.439481e-001 1.000000e-030 1.000000e-030 2.093087e-002 2.451896e-001 2.084552e-006 2.387386e-002 1.000000e-030 4.205460e-003 1.000000e-030 1.000000e-030 1.025484e-002 7.639767e-002 1.000000e-030 1.000000e-030 1.000000e-030 1.000000e-030 1.000000e-030 1.000000e-030 
1.000000e-030 1.553320e-001 1.000000e-030 7.416639e-008 1.000000e-030 3.852307e-002 1.000000e-030 1.000000e-030 4.900115e-002 1.401650e-001 1.000000e-030 2.373616e-002 1.000000e-030 1.493367e-002 1.000000e-030 1.000000e-030 6.944211e-003 5.316756e-001 1.000000e-030 1.000000e-030 1.000000e-030 6.266590e-014 1.000000e-030 1.000000e-030 6.060172e-003 3.362893e-002 1.000000e-030 1.000000e-030 1.000000e-030 1.000000e-030 1.000000e-030 1.000000e-030 
1.000000e-030 1.064861e-001 1.000000e-030 1.000000e-030 1.000000e-030 1.023781e-001 1.000000e-030 1.130994e-003 1.468163e-019 5.686714e-001 1.000000e-030 1.000000e-030 1.000000e-030 1.000000e-030 1.000000e-030 1.000000e-030 7.827589e-003 2.251009e-002 1.000000e-030 1.000000e-030 1.000000e-030 1.612600e-001 1.000000e-030 1.000000e-030 1.000000e-030 2.973570e-002 1.000000e-030 1.000000e-030 1.000000e-030 1.021953e-028 1.000000e-030 1.000000e-030 
1.000000e-030 1.000000e-030 1.000000e-030 6.410256e-004 1.000000e-030 2.571873e-002 1.000000e-030 4.371515e-003 2.185316e-002 1.990355e-002 1.000000e-030 1.726042e-001 1.000000e-030 1.539250e-001 1.000000e-030 1.332358e-002 1.000000e-030 1.282051e-003 1.000000e-030 4.718867e-002 1.000000e-030 1.221185e-001 1.000000e-030 9.297212e-004 9.849355e-002 2.256473e-002 1.000000e-030 2.674248e-001 1.000000e-030 2.765721e-002 1.000000e-030 1.000000e-030 
