1.00000000000000000000	0.00000000000000000000	0.00000000000000000000	0.00000000000000000000	0.00000000000000000000	

8.309622e-001	1.690378e-001	0.000000e+000	0.000000e+000	0.000000e+000	
0.000000e+000	6.996366e-001	3.003634e-001	0.000000e+000	0.000000e+000	
0.000000e+000	0.000000e+000	8.992646e-001	1.007354e-001	0.000000e+000	
0.000000e+000	0.000000e+000	0.000000e+000	9.249221e-001	7.507794e-002	
0.000000e+000	0.000000e+000	0.000000e+000	0.000000e+000	1.000000e+000	


5.324478e-007 1.000000e-030 1.000000e-030 1.925332e-004 6.853733e-007 1.000000e-030 1.760844e-008 1.000000e-030 9.257842e-003 1.000000e-030 1.000000e-030 4.791098e-001 1.000000e-030 1.000000e-030 1.000000e-030 1.000000e-030 1.000000e-030 1.015140e-005 1.000000e-030 1.339599e-002 3.358455e-008 1.000000e-030 1.050925e-013 1.000000e-030 1.099131e-002 1.000000e-030 1.000000e-030 4.870411e-001 1.242149e-029 1.000000e-030 1.000000e-030 1.000000e-030 
2.839141e-002 1.000000e-030 1.000000e-030 1.233889e-001 5.672224e-002 1.000000e-030 1.748963e-001 1.000000e-030 1.437143e-001 1.000000e-030 1.000000e-030 1.020062e-004 1.000000e-030 1.000000e-030 3.214461e-008 1.000000e-030 1.000000e-030 1.602731e-002 1.000000e-030 3.671006e-019 1.512781e-001 1.000000e-030 2.785358e-001 1.000000e-030 1.025827e-002 1.000000e-030 1.000000e-030 1.261310e-006 1.668406e-002 1.000000e-030 2.561008e-008 1.000000e-030 
1.261671e-003 1.000000e-030 1.000000e-030 2.012538e-008 1.125768e-002 1.000000e-030 1.281513e-001 1.000000e-030 1.267015e-008 1.000000e-030 3.894962e-002 1.000000e-030 1.000000e-030 1.000000e-030 4.775197e-001 1.000000e-030 1.000000e-030 1.000000e-030 2.658855e-008 1.000000e-030 3.771744e-018 1.000000e-030 1.513839e-001 1.000000e-030 1.000000e-030 1.000000e-030 2.210728e-002 1.000000e-030 1.000000e-030 1.000000e-030 1.693688e-001 1.000000e-030 
1.113542e-002 4.739601e-002 9.945428e-002 7.578244e-003 4.904324e-002 1.739010e-001 2.016411e-002 2.282657e-002 8.772183e-004 1.000000e-030 1.092182e-001 1.000000e-030 1.000000e-030 2.871717e-003 7.588415e-002 1.000000e-030 1.000000e-030 1.000000e-030 2.431037e-002 6.154191e-003 1.000000e-030 1.492871e-002 8.352009e-003 1.000000e-030 1.000000e-030 7.744132e-003 2.744093e-001 1.000000e-030 1.000000e-030 1.733963e-014 4.375113e-002 1.000000e-030 
4.046162e-002 2.254755e-003 1.828750e-002 6.005247e-002 2.613421e-002 8.512075e-003 7.169585e-003 4.634721e-002 6.237078e-002 4.293955e-004 9.804901e-002 1.476454e-002 1.160104e-002 3.740225e-002 2.227429e-003 9.263422e-002 3.108322e-002 4.055033e-003 8.521397e-003 1.162788e-001 3.957611e-003 3.217427e-003 1.000000e-030 9.079496e-002 1.557727e-002 8.604970e-004 2.253976e-002 8.819233e-003 9.053686e-002 4.690989e-002 1.000000e-030 2.814992e-002 
