1.00000000000000000000	0.00000000000000000000	0.00000000000000000000	0.00000000000000000000	0.00000000000000000000	

6.655171e-001	3.344829e-001	0.000000e+000	0.000000e+000	0.000000e+000	
0.000000e+000	7.220377e-001	2.779623e-001	0.000000e+000	0.000000e+000	
0.000000e+000	0.000000e+000	8.807932e-001	1.192068e-001	0.000000e+000	
0.000000e+000	0.000000e+000	0.000000e+000	9.189566e-001	8.104341e-002	
0.000000e+000	0.000000e+000	0.000000e+000	0.000000e+000	1.000000e+000	


2.105161e-002 3.547171e-002 1.000000e-030 2.772247e-002 1.000000e-030 5.554874e-002 1.000000e-030 1.000000e-030 2.182988e-001 4.571282e-002 1.000000e-030 1.063497e-001 1.000000e-030 2.905564e-002 1.000000e-030 1.000000e-030 1.000000e-030 4.165989e-002 1.000000e-030 2.250160e-002 1.000000e-030 8.573003e-002 1.000000e-030 1.000000e-030 2.807574e-001 1.540166e-002 1.000000e-030 4.714622e-004 1.417983e-002 8.657320e-005 1.000000e-030 1.000000e-030 
1.000000e-030 1.869793e-002 1.000000e-030 2.617334e-002 1.000000e-030 2.149320e-001 1.000000e-030 2.020877e-002 2.406557e-005 2.703513e-002 1.000000e-030 3.759046e-002 1.000000e-030 4.368440e-002 1.000000e-030 5.000000e-002 1.000000e-030 2.499407e-002 1.000000e-030 1.687824e-002 1.000000e-030 3.900055e-001 1.000000e-030 1.000000e-030 9.472017e-003 2.599663e-002 1.000000e-030 1.623558e-002 1.000000e-030 7.807193e-002 1.000000e-030 1.000000e-030 
1.953144e-004 8.246292e-002 1.000000e-030 2.404732e-002 7.735622e-003 5.315049e-001 1.000000e-030 2.590419e-003 2.317696e-002 3.826769e-002 1.000000e-030 2.124257e-018 1.000000e-030 7.404267e-003 1.000000e-030 1.000000e-030 1.470805e-025 4.604659e-003 1.000000e-030 1.000000e-030 1.000000e-030 2.725916e-001 1.000000e-030 1.000000e-030 1.000000e-030 2.439746e-017 1.000000e-030 1.000000e-030 1.000000e-030 5.418282e-003 1.000000e-030 1.000000e-030 
2.251446e-001 1.286728e-001 3.419830e-003 2.719702e-002 9.609815e-002 3.002869e-002 5.489697e-002 2.813849e-019 1.023691e-001 7.155823e-003 2.878706e-002 1.000000e-030 1.000000e-030 5.734251e-002 1.000000e-030 1.000000e-030 1.083115e-001 9.592178e-002 1.000000e-030 5.331624e-003 2.453792e-002 2.933704e-007 1.221859e-003 1.000000e-030 1.000000e-030 3.562416e-003 1.000000e-030 1.000000e-030 1.000000e-030 1.000000e-030 1.000000e-030 1.000000e-030 
1.588816e-002 4.981553e-003 9.039198e-004 8.209474e-002 5.707642e-002 1.349162e-001 2.931698e-002 2.980488e-002 4.391792e-002 3.357988e-002 2.338307e-003 1.068270e-001 3.646584e-003 6.135342e-002 1.000000e-030 4.028914e-002 9.324984e-004 5.235912e-003 1.000000e-030 1.025342e-001 3.968129e-002 9.335771e-002 1.796756e-003 1.000000e-030 9.150604e-004 1.512348e-002 1.000000e-030 3.705593e-002 1.207340e-002 3.687534e-002 1.000000e-030 7.483289e-003 
