1.00000000000000000000	0.00000000000000000000	0.00000000000000000000	0.00000000000000000000	0.00000000000000000000	

6.387573e-001	3.612427e-001	0.000000e+000	0.000000e+000	0.000000e+000	
0.000000e+000	8.083717e-001	1.916283e-001	0.000000e+000	0.000000e+000	
0.000000e+000	0.000000e+000	8.955879e-001	1.044121e-001	0.000000e+000	
0.000000e+000	0.000000e+000	0.000000e+000	9.628997e-001	3.710034e-002	
0.000000e+000	0.000000e+000	0.000000e+000	0.000000e+000	1.000000e+000	


1.000000e-030 1.000000e-030 1.000000e-030 3.617462e-002 1.000000e-030 5.093805e-002 1.000000e-030 1.018727e-001 1.287864e-002 1.000000e-030 1.000000e-030 4.361959e-002 1.000000e-030 2.516243e-001 1.000000e-030 6.651337e-002 1.000000e-030 1.000000e-030 1.000000e-030 1.790792e-001 1.000000e-030 4.063820e-003 1.000000e-030 1.000000e-030 3.652189e-002 6.356685e-002 1.000000e-030 5.084102e-002 1.000000e-030 1.023059e-001 1.000000e-030 1.000000e-030 
1.000000e-030 1.000000e-030 1.000000e-030 1.111150e-001 1.000000e-030 3.046072e-001 1.000000e-030 1.757039e-001 3.040372e-002 1.000000e-030 1.000000e-030 1.843289e-002 1.000000e-030 1.114031e-001 1.000000e-030 3.903822e-002 1.000000e-030 8.088575e-003 1.000000e-030 8.207952e-002 1.000000e-030 3.882656e-002 1.000000e-030 1.000000e-030 1.000000e-030 1.597586e-002 1.000000e-030 6.567860e-012 1.000000e-030 6.019649e-002 1.000000e-030 4.128919e-003 
1.000000e-030 1.000000e-030 1.000000e-030 3.141833e-002 1.000000e-030 1.029273e-001 1.000000e-030 3.889156e-002 5.465777e-002 1.000000e-030 1.000000e-030 5.913439e-002 1.000000e-030 2.605957e-001 1.000000e-030 5.004543e-002 1.000000e-030 1.468376e-005 1.000000e-030 1.636319e-001 1.000000e-030 4.123872e-002 1.000000e-030 1.000000e-030 2.460867e-003 5.089608e-002 1.000000e-030 5.138174e-002 1.000000e-030 9.270556e-002 1.000000e-030 1.000000e-030 
1.148375e-002 1.349970e-003 1.423533e-017 2.684659e-002 1.888833e-003 1.011085e-001 1.616458e-023 1.613450e-001 4.882667e-002 1.000000e-030 1.000000e-030 1.085662e-002 1.000000e-030 1.491092e-001 1.000000e-030 4.582833e-002 1.000000e-030 2.821243e-003 1.000000e-030 8.990455e-002 6.912001e-018 6.625047e-002 1.000000e-030 1.394252e-003 5.727089e-003 2.868100e-002 1.000000e-030 7.219572e-003 1.298865e-010 2.319446e-001 1.000000e-030 7.413818e-003 
1.833538e-002 3.557853e-002 1.566407e-001 1.094484e-001 9.369676e-002 2.589515e-003 1.003216e-001 2.162123e-002 6.078457e-003 3.691960e-003 3.031896e-002 4.412645e-015 1.201662e-002 1.053272e-003 1.000000e-030 1.000000e-030 2.497130e-002 4.580174e-003 1.002725e-001 1.254922e-002 1.399851e-001 5.310622e-004 8.713868e-002 5.050505e-004 5.009102e-004 2.115484e-003 8.488071e-003 1.000000e-030 2.643709e-002 5.339098e-004 1.000000e-030 1.000000e-030 
