1.00000000000000000000	0.00000000000000000000	0.00000000000000000000	0.00000000000000000000	0.00000000000000000000	

7.860211e-001	2.139789e-001	0.000000e+000	0.000000e+000	0.000000e+000	
0.000000e+000	4.805172e-001	5.194828e-001	0.000000e+000	0.000000e+000	
0.000000e+000	0.000000e+000	9.171427e-001	8.285734e-002	0.000000e+000	
0.000000e+000	0.000000e+000	0.000000e+000	9.567679e-001	4.323206e-002	
0.000000e+000	0.000000e+000	0.000000e+000	0.000000e+000	1.000000e+000	


1.000000e-030 1.000000e-030 1.000000e-030 1.756940e-006 1.000000e-030 1.000000e-030 1.000000e-030 1.000000e-030 5.058585e-002 1.000000e-030 1.000000e-030 4.108381e-001 1.000000e-030 1.000000e-030 1.000000e-030 1.000000e-030 1.000000e-030 1.000000e-030 1.000000e-030 1.523525e-002 4.193905e-010 1.000000e-030 1.000000e-030 1.000000e-030 3.345916e-002 1.000000e-030 1.000000e-030 4.898799e-001 1.000000e-030 1.000000e-030 1.000000e-030 1.000000e-030 
1.000000e-030 1.000000e-030 1.000000e-030 3.691734e-001 4.315843e-002 1.000000e-030 2.404299e-018 1.000000e-030 1.714808e-001 1.000000e-030 1.000000e-030 9.066963e-002 1.000000e-030 1.000000e-030 1.000000e-030 1.000000e-030 1.000000e-030 1.000000e-030 1.000000e-030 1.313100e-001 1.942076e-001 1.000000e-030 1.000000e-030 1.000000e-030 1.080362e-012 1.000000e-030 1.000000e-030 1.235247e-007 1.000000e-030 1.000000e-030 1.000000e-030 1.000000e-030 
1.000000e-030 1.000000e-030 1.000000e-030 8.117231e-002 1.229561e-001 1.000000e-030 3.092618e-002 1.000000e-030 1.336326e-006 1.000000e-030 1.000000e-030 1.000000e-030 1.000000e-030 1.000000e-030 1.000000e-030 1.000000e-030 1.000000e-030 1.000000e-030 1.000000e-030 1.000000e-030 7.561533e-001 1.000000e-030 8.790743e-003 1.000000e-030 1.000000e-030 1.000000e-030 1.000000e-030 1.000000e-030 1.000000e-030 1.000000e-030 1.000000e-030 1.000000e-030 
3.595057e-022 1.000000e-030 1.000000e-030 2.374255e-002 2.127877e-001 1.000000e-030 1.971381e-001 1.000000e-030 1.000000e-030 1.000000e-030 3.425865e-003 1.000000e-030 1.000000e-030 1.000000e-030 1.000000e-030 1.000000e-030 1.000000e-030 1.000000e-030 1.000000e-030 1.000000e-030 4.182021e-001 1.000000e-030 1.433363e-001 1.000000e-030 1.000000e-030 1.000000e-030 1.367435e-003 1.000000e-030 1.000000e-030 1.000000e-030 1.000000e-030 1.000000e-030 
5.544447e-002 4.889221e-003 4.369310e-003 2.456117e-001 2.215137e-001 2.247942e-002 9.029890e-002 2.362966e-002 3.570019e-002 7.394547e-003 1.828310e-002 2.800837e-003 1.832665e-002 3.664372e-003 1.000000e-030 1.000000e-030 7.841922e-003 1.170133e-002 5.734206e-004 3.179976e-002 9.370042e-002 9.097334e-004 2.834317e-002 2.158829e-003 5.283848e-003 7.641318e-004 1.173721e-003 1.000000e-030 6.026605e-002 1.077607e-003 1.000000e-030 1.000000e-030 
