1.00000000000000000000	0.00000000000000000000	0.00000000000000000000	0.00000000000000000000	0.00000000000000000000	

7.430604e-001	2.569396e-001	0.000000e+000	0.000000e+000	0.000000e+000	
0.000000e+000	8.062897e-001	1.937103e-001	0.000000e+000	0.000000e+000	
0.000000e+000	0.000000e+000	9.223470e-001	7.765299e-002	0.000000e+000	
0.000000e+000	0.000000e+000	0.000000e+000	9.477430e-001	5.225696e-002	
0.000000e+000	0.000000e+000	0.000000e+000	0.000000e+000	1.000000e+000	


1.000000e-030 5.827301e-002 1.000000e-030 2.023210e-002 1.000000e-030 4.007173e-002 1.000000e-030 2.221548e-002 2.395897e-001 7.551877e-002 1.000000e-030 5.650364e-002 1.049559e-002 3.326773e-002 1.000000e-030 1.000000e-030 1.968941e-004 7.381871e-002 1.000000e-030 1.329318e-001 1.000000e-030 1.000000e-030 1.000000e-030 1.000000e-030 1.462904e-001 7.392776e-002 1.000000e-030 1.000000e-030 1.000000e-030 1.666664e-002 1.000000e-030 1.000000e-030 
2.291203e-002 1.212354e-001 6.171747e-003 2.255617e-003 1.000000e-030 9.542054e-002 1.000000e-030 4.712074e-002 1.283047e-001 1.385634e-001 1.000000e-030 8.741436e-003 3.636358e-007 5.387641e-002 1.000000e-030 1.000000e-030 5.893706e-002 2.495655e-001 1.000000e-030 3.514393e-002 1.000000e-030 1.000212e-002 1.000000e-030 1.000000e-030 1.756295e-004 8.228423e-003 1.000000e-030 1.000000e-030 1.000000e-030 1.334497e-002 1.000000e-030 1.000000e-030 
1.496212e-002 5.436720e-001 7.216385e-002 1.000000e-030 1.000000e-030 2.781406e-002 1.000000e-030 1.972765e-012 3.059200e-002 7.627755e-002 2.076510e-003 1.000000e-030 1.000000e-030 1.206756e-012 1.000000e-030 1.000000e-030 4.402623e-002 1.884157e-001 1.000000e-030 1.887099e-014 1.000000e-030 1.000000e-030 1.000000e-030 1.000000e-030 1.000000e-030 1.000000e-030 1.000000e-030 1.000000e-030 1.000000e-030 1.000000e-030 1.000000e-030 1.000000e-030 
3.222063e-003 2.446583e-001 3.160316e-002 1.268200e-003 1.203354e-003 6.262544e-002 1.000000e-030 2.637768e-009 1.668484e-003 1.549840e-001 1.000000e-030 1.016941e-012 1.000000e-030 4.084496e-003 1.000000e-030 1.000000e-030 1.470488e-002 3.179130e-001 1.000000e-030 1.000000e-030 1.000000e-030 1.000000e-030 1.000000e-030 1.000000e-030 4.324917e-003 1.577397e-001 1.000000e-030 1.000000e-030 1.000000e-030 1.000000e-030 1.000000e-030 1.000000e-030 
5.307779e-002 1.126590e-001 1.429025e-001 1.895332e-002 1.585733e-002 7.093457e-002 6.258483e-004 9.893651e-003 7.497962e-002 6.892704e-003 5.735984e-002 7.735633e-003 1.106189e-003 1.039622e-002 1.000000e-030 6.321054e-004 9.028413e-002 8.576833e-002 1.405949e-001 8.699846e-003 1.000000e-030 1.650284e-003 1.000000e-030 1.694758e-003 2.466196e-002 1.450564e-002 3.706982e-002 7.042254e-004 8.780369e-003 4.232071e-004 1.000000e-030 1.156282e-003 
