1.00000000000000000000	0.00000000000000000000	0.00000000000000000000	0.00000000000000000000	0.00000000000000000000	

7.112131e-001	2.887869e-001	0.000000e+000	0.000000e+000	0.000000e+000	
0.000000e+000	7.917429e-001	2.082571e-001	0.000000e+000	0.000000e+000	
0.000000e+000	0.000000e+000	8.314661e-001	1.685339e-001	0.000000e+000	
0.000000e+000	0.000000e+000	0.000000e+000	9.210851e-001	7.891486e-002	
0.000000e+000	0.000000e+000	0.000000e+000	0.000000e+000	1.000000e+000	


4.635883e-002 1.281318e-001 4.879900e-003 1.197946e-002 1.000000e-030 1.000000e-030 1.000000e-030 3.928009e-002 1.194716e-001 4.797995e-002 1.000000e-030 8.765085e-002 1.000000e-030 7.117572e-002 1.000000e-030 1.000000e-030 3.160750e-002 1.299270e-001 3.345765e-002 6.543213e-002 1.000000e-030 1.000000e-030 1.000000e-030 1.000000e-030 1.264109e-001 3.125685e-002 1.000000e-030 1.000000e-030 2.499974e-002 1.000000e-030 1.000000e-030 1.000000e-030 
4.479377e-002 7.684478e-002 3.848588e-002 6.752568e-004 1.000000e-030 1.639824e-002 1.000000e-030 5.290105e-005 8.863395e-002 6.687176e-002 1.851392e-017 6.089110e-002 1.000000e-030 5.599599e-002 1.000000e-030 1.000000e-030 4.182412e-001 4.988199e-002 8.220528e-002 2.786974e-005 1.000000e-030 1.000000e-030 1.000000e-030 1.000000e-030 2.635265e-019 1.361612e-009 1.000000e-030 1.000000e-030 1.000000e-030 1.000000e-030 1.000000e-030 1.000000e-030 
5.696556e-002 5.811827e-002 3.628060e-001 1.000000e-030 1.000000e-030 1.054297e-002 1.000000e-030 1.000000e-030 2.064022e-002 1.000000e-030 1.290886e-001 6.934959e-002 1.000000e-030 1.055956e-006 1.000000e-030 1.000000e-030 2.744558e-001 9.030930e-003 5.856043e-003 1.000000e-030 1.000000e-030 1.000000e-030 1.000000e-030 1.000000e-030 6.511447e-004 1.000000e-030 2.493787e-003 1.000000e-030 1.000000e-030 1.000000e-030 1.000000e-030 1.000000e-030 
3.593683e-002 3.067908e-006 3.644305e-001 1.000000e-030 1.266798e-003 1.000000e-030 9.307525e-020 1.000000e-030 6.879315e-008 1.000000e-030 1.976332e-001 4.496712e-002 1.000000e-030 1.000000e-030 1.575132e-002 1.000000e-030 2.545864e-013 1.000000e-030 6.425792e-002 1.000000e-030 1.000000e-030 1.000000e-030 1.000000e-030 1.000000e-030 5.032807e-003 1.000000e-030 2.707204e-001 1.000000e-030 1.000000e-030 1.000000e-030 1.000000e-030 1.000000e-030 
5.488017e-002 3.598106e-003 5.676409e-002 9.982809e-003 1.028695e-001 8.843778e-004 1.213912e-001 1.000000e-030 7.339843e-003 1.000000e-030 2.495830e-001 9.727782e-003 7.644977e-003 6.672597e-004 4.150144e-002 1.000000e-030 2.913362e-003 6.672597e-004 6.412498e-002 2.001779e-003 1.293666e-002 1.000000e-030 4.430994e-003 6.672597e-004 1.179718e-002 6.672597e-004 2.271479e-001 1.000000e-030 3.780767e-003 1.000000e-030 2.029971e-003 1.000000e-030 
