1.00000000000000000000	0.00000000000000000000	0.00000000000000000000	0.00000000000000000000	0.00000000000000000000	

5.000001e-001	4.999999e-001	0.000000e+000	0.000000e+000	0.000000e+000	
0.000000e+000	6.666666e-001	3.333334e-001	0.000000e+000	0.000000e+000	
0.000000e+000	0.000000e+000	9.523810e-001	4.761905e-002	0.000000e+000	
0.000000e+000	0.000000e+000	0.000000e+000	9.333333e-001	6.666667e-002	
0.000000e+000	0.000000e+000	0.000000e+000	0.000000e+000	1.000000e+000	


1.000000e-030 4.999999e-001 1.000000e-030 1.000000e-030 1.000000e-030 1.000000e-030 1.000000e-030 1.000000e-030 1.000000e-030 1.000000e-030 1.000000e-030 1.000000e-030 1.319101e-007 1.000000e-030 1.000000e-030 1.000000e-030 1.000000e-030 1.000000e-030 1.000000e-030 1.000000e-030 1.000000e-030 1.000000e-030 4.999999e-001 1.000000e-030 1.000000e-030 1.000000e-030 1.000000e-030 1.000000e-030 1.000000e-030 1.000000e-030 1.000000e-030 1.000000e-030 
1.000000e-030 1.000000e-030 1.000000e-030 1.000000e-030 1.000000e-030 1.000000e-030 1.000000e-030 1.000000e-030 1.000000e-030 1.000000e-030 1.000000e-030 1.000000e-030 6.666666e-001 1.000000e-030 1.000000e-030 1.000000e-030 1.000000e-030 1.000000e-030 1.000000e-030 1.000000e-030 3.333334e-001 1.000000e-030 1.088373e-030 1.000000e-030 1.000000e-030 1.000000e-030 1.000000e-030 1.000000e-030 6.231353e-009 1.000000e-030 1.000000e-030 1.000000e-030 
1.000000e-030 1.000000e-030 1.000000e-030 1.000000e-030 1.000000e-030 1.000000e-030 1.000000e-030 1.000000e-030 1.000000e-030 1.000000e-030 1.000000e-030 1.000000e-030 3.115295e-013 1.000000e-030 1.000000e-030 1.000000e-030 1.000000e-030 1.000000e-030 1.000000e-030 1.000000e-030 4.761905e-001 1.000000e-030 1.000000e-030 1.000000e-030 4.761905e-002 1.000000e-030 1.000000e-030 1.000000e-030 4.761905e-001 1.000000e-030 1.000000e-030 1.000000e-030 
5.333333e-001 1.000000e-030 1.000000e-030 6.666667e-002 1.000000e-030 1.000000e-030 1.000000e-030 1.000000e-030 1.000000e-030 1.000000e-030 1.000000e-030 6.629741e-012 1.000000e-030 1.000000e-030 1.000000e-030 1.000000e-030 4.000000e-001 1.000000e-030 1.000000e-030 1.000000e-030 1.476257e-018 1.000000e-030 1.000000e-030 1.000000e-030 1.000000e-030 1.000000e-030 1.000000e-030 1.000000e-030 1.000000e-030 1.000000e-030 1.000000e-030 1.000000e-030 
1.000000e-030 1.000000e-001 1.000000e-030 5.000000e-002 1.000000e-030 5.000000e-002 1.500000e-001 2.000000e-001 1.000000e-030 1.250000e-001 1.000000e-030 1.500000e-001 1.000000e-030 2.500000e-002 1.000000e-030 1.000000e-030 6.852505e-021 1.000000e-030 1.000000e-030 2.500000e-002 1.000000e-030 1.000000e-030 1.000000e-030 7.500000e-002 1.000000e-030 1.000000e-030 1.000000e-030 2.500000e-002 1.000000e-030 1.000000e-030 1.000000e-030 2.500000e-002 
