1.00000000000000000000	0.00000000000000000000	0.00000000000000000000	0.00000000000000000000	0.00000000000000000000	

8.000000e-001	2.000000e-001	0.000000e+000	0.000000e+000	0.000000e+000	
0.000000e+000	7.156513e-001	2.843487e-001	0.000000e+000	0.000000e+000	
0.000000e+000	0.000000e+000	9.286135e-001	7.138654e-002	0.000000e+000	
0.000000e+000	0.000000e+000	0.000000e+000	8.944585e-001	1.055415e-001	
0.000000e+000	0.000000e+000	0.000000e+000	0.000000e+000	1.000000e+000	


1.000000e-030 1.000000e-030 2.000000e-001 2.000000e-001 1.000000e-030 1.000000e-030 1.000000e-030 1.000000e-030 1.000000e-030 1.000000e-030 1.000000e-030 1.000000e-030 1.000000e-030 1.000000e-030 1.000000e-030 1.000000e-030 5.999999e-001 1.000000e-030 1.000000e-030 1.000000e-030 1.000000e-030 1.000000e-030 1.000000e-030 9.696527e-008 1.000000e-030 1.000000e-030 1.000000e-030 1.000000e-030 1.000000e-030 1.000000e-030 1.000000e-030 1.000000e-030 
1.000000e-030 1.000000e-030 1.000000e-030 1.000000e-030 1.000000e-030 1.469541e-001 1.000000e-030 5.686974e-001 1.000000e-030 1.000000e-030 1.000000e-030 1.000000e-030 1.000000e-030 9.215337e-011 1.000000e-030 1.000000e-030 1.103710e-009 1.000000e-030 1.000000e-030 1.000000e-030 1.000000e-030 1.000000e-030 1.000000e-030 2.843485e-001 1.000000e-030 1.000000e-030 1.000000e-030 1.000000e-030 1.000000e-030 1.000000e-030 1.000000e-030 1.000000e-030 
1.000000e-030 1.000000e-030 1.000000e-030 1.000000e-030 1.000000e-030 1.058798e-001 1.000000e-030 3.055181e-023 1.000000e-030 1.000000e-030 1.000000e-030 1.000000e-030 1.000000e-030 2.294497e-001 1.000000e-030 1.000000e-030 1.000000e-030 1.000000e-030 1.000000e-030 3.569327e-001 1.000000e-030 1.000000e-030 1.000000e-030 1.000000e-030 1.000000e-030 1.000000e-030 1.000000e-030 3.077377e-001 1.000000e-030 1.000000e-030 1.000000e-030 1.000000e-030 
1.000000e-030 1.000000e-030 1.000000e-030 1.000000e-030 1.000000e-030 1.000000e-030 1.000000e-030 1.000000e-030 1.000000e-030 1.000000e-030 1.000000e-030 2.110830e-001 1.000000e-030 8.293578e-002 1.000000e-030 1.000000e-030 1.000000e-030 1.000000e-030 1.000000e-030 2.112043e-008 1.000000e-030 1.000000e-030 1.000000e-030 1.000000e-030 1.000000e-030 1.000000e-030 1.000000e-030 7.059812e-001 1.000000e-030 1.000000e-030 1.000000e-030 3.373037e-021 
1.000000e-030 1.000000e-030 1.000000e-030 1.000000e-030 1.000000e-030 1.785714e-002 1.000000e-030 3.571429e-002 1.000000e-030 1.000000e-030 1.000000e-030 5.946314e-024 1.000000e-030 1.785714e-001 1.000000e-030 1.785714e-002 1.000000e-030 1.000000e-030 1.000000e-030 1.000000e-030 1.000000e-030 1.785714e-002 1.000000e-030 1.000000e-030 1.000000e-030 1.000000e-030 1.000000e-030 1.000000e-030 1.000000e-030 7.142857e-002 1.000000e-030 6.607143e-001 
