1.00000000000000000000	0.00000000000000000000	0.00000000000000000000	0.00000000000000000000	0.00000000000000000000	

8.000000e-001	2.000000e-001	0.000000e+000	0.000000e+000	0.000000e+000	
0.000000e+000	9.090909e-001	9.090909e-002	0.000000e+000	0.000000e+000	
0.000000e+000	0.000000e+000	9.285714e-001	7.142857e-002	0.000000e+000	
0.000000e+000	0.000000e+000	0.000000e+000	8.465761e-001	1.534239e-001	
0.000000e+000	0.000000e+000	0.000000e+000	0.000000e+000	1.000000e+000	


1.000000e-030 1.999999e-001 1.000000e-030 2.986631e-019 1.000000e-030 1.000000e-030 1.000000e-030 2.000000e-001 1.000000e-030 1.000000e-030 1.000000e-030 1.000000e-030 1.000000e-030 1.000000e-030 1.000000e-030 1.000000e-030 4.000000e-001 1.000000e-030 1.000000e-030 1.000000e-030 1.000000e-030 1.000000e-030 1.000000e-030 1.000000e-030 1.000000e-030 1.000000e-030 1.000000e-030 1.000000e-030 1.000000e-030 2.000000e-001 1.000000e-030 1.000000e-030 
1.000000e-030 2.951313e-008 1.000000e-030 9.090908e-001 1.000000e-030 1.000000e-030 1.000000e-030 3.833169e-008 1.000000e-030 1.000000e-030 1.000000e-030 1.000000e-030 1.000000e-030 1.000000e-030 1.000000e-030 1.000000e-030 1.000000e-030 1.000000e-030 1.000000e-030 9.090909e-002 1.000000e-030 1.000000e-030 1.000000e-030 1.000000e-030 1.000000e-030 1.000000e-030 1.000000e-030 1.000000e-030 1.000000e-030 1.000000e-030 1.000000e-030 1.000000e-030 
1.000000e-030 1.000000e-030 1.000000e-030 7.649559e-008 1.000000e-030 1.000000e-030 1.000000e-030 1.428571e-001 1.000000e-030 1.000000e-030 1.000000e-030 8.571428e-001 1.000000e-030 1.000000e-030 1.000000e-030 1.000000e-030 1.000000e-030 1.000000e-030 1.000000e-030 1.000000e-030 1.000000e-030 1.000000e-030 1.000000e-030 1.000000e-030 1.000000e-030 1.000000e-030 1.000000e-030 1.000000e-030 1.000000e-030 1.000000e-030 1.000000e-030 1.000000e-030 
1.000000e-030 3.010273e-001 1.000000e-030 1.534238e-001 8.531543e-002 1.000000e-030 1.534236e-001 1.000000e-030 1.000000e-030 1.000000e-030 1.000000e-030 5.817888e-018 1.000000e-030 1.000000e-030 1.000000e-030 1.000000e-030 3.068099e-001 1.000000e-030 1.000000e-030 1.000000e-030 1.000000e-030 1.000000e-030 1.000000e-030 1.000000e-030 1.000000e-030 1.000000e-030 1.000000e-030 1.000000e-030 1.000000e-030 1.000000e-030 1.000000e-030 1.000000e-030 
1.000000e-030 1.471211e-002 1.000000e-030 1.000000e-030 1.191991e-001 9.938684e-002 1.419815e-002 3.123586e-001 1.000000e-030 4.259436e-002 1.135850e-001 1.000000e-030 7.099060e-002 1.000000e-030 1.000000e-030 1.000000e-030 2.839962e-002 5.679248e-002 1.000000e-030 1.000000e-030 1.419812e-002 4.259436e-002 1.000000e-030 1.000000e-030 1.000000e-030 4.259436e-002 1.419812e-002 1.000000e-030 1.000000e-030 1.419812e-002 1.000000e-030 1.000000e-030 
