1.00000000000000000000	0.00000000000000000000	0.00000000000000000000	0.00000000000000000000	0.00000000000000000000	

6.666667e-001	3.333333e-001	0.000000e+000	0.000000e+000	0.000000e+000	
0.000000e+000	9.166667e-001	8.333333e-002	0.000000e+000	0.000000e+000	
0.000000e+000	0.000000e+000	9.166667e-001	8.333333e-002	0.000000e+000	
0.000000e+000	0.000000e+000	0.000000e+000	9.500000e-001	5.000000e-002	
0.000000e+000	0.000000e+000	0.000000e+000	0.000000e+000	1.000000e+000	


1.000000e-030 1.000000e-030 1.000000e-030 1.000000e-030 1.000000e-030 1.000000e-030 1.000000e-030 1.000000e-030 1.000000e-030 1.000000e-030 1.000000e-030 1.000000e-030 1.000000e-030 1.000000e-030 1.000000e-030 1.000000e-030 1.000000e-030 1.000000e+000 1.000000e-030 1.000000e-030 1.000000e-030 1.000000e-030 1.000000e-030 1.000000e-030 1.000000e-030 1.270532e-008 1.000000e-030 1.000000e-030 1.000000e-030 1.000000e-030 1.000000e-030 1.000000e-030 
1.000000e-030 1.000000e-030 1.000000e-030 1.000000e-030 1.000000e-030 1.000000e-030 1.000000e-030 1.000000e-030 1.000000e-030 1.269783e-020 1.000000e-030 1.000000e-030 1.000000e-030 1.000000e-030 1.000000e-030 1.000000e-030 1.000000e-030 4.677021e-022 1.000000e-030 1.000000e-030 1.000000e-030 5.000000e-001 1.000000e-030 1.000000e-030 1.000000e-030 5.000000e-001 1.000000e-030 1.000000e-030 1.000000e-030 1.000000e-030 1.000000e-030 1.000000e-030 
1.000000e-030 1.666667e-001 1.000000e-030 1.000000e-030 1.000000e-030 1.000000e-030 1.000000e-030 1.000000e-030 2.500000e-001 5.833333e-001 1.000000e-030 1.000000e-030 1.000000e-030 1.000000e-030 1.000000e-030 1.000000e-030 1.000000e-030 1.000000e-030 1.000000e-030 1.000000e-030 1.000000e-030 1.000000e-030 1.000000e-030 1.000000e-030 1.000000e-030 1.862551e-018 1.000000e-030 1.000000e-030 1.000000e-030 1.000000e-030 1.000000e-030 1.000000e-030 
2.500000e-001 1.000000e-030 1.000000e-030 1.000000e-030 1.000000e-030 1.000000e-030 1.000000e-030 1.000000e-030 7.649890e-013 1.000000e-030 1.000000e-030 1.000000e-030 1.000000e-030 1.000000e-030 1.000000e-030 1.000000e-030 2.470933e-011 1.000000e-030 1.000000e-030 1.000000e-030 1.000000e-030 1.000000e-030 1.000000e-030 1.000000e-030 7.500000e-001 1.000000e-030 1.000000e-030 1.000000e-030 1.000000e-030 1.000000e-030 1.000000e-030 1.000000e-030 
4.409837e-025 1.000000e-030 1.000000e-030 1.000000e-030 1.000000e-030 3.571429e-002 1.000000e-030 1.785714e-001 1.000000e-030 1.000000e-030 1.000000e-030 3.571429e-002 1.000000e-030 1.000000e-030 1.000000e-030 1.000000e-030 1.071429e-001 1.000000e-030 1.000000e-030 1.000000e-030 1.000000e-030 1.428571e-001 1.000000e-030 3.750000e-001 1.000000e-030 7.142857e-002 1.000000e-030 1.000000e-030 1.000000e-030 5.357143e-002 1.000000e-030 1.000000e-030 
