1.00000000000000000000	0.00000000000000000000	0.00000000000000000000	0.00000000000000000000	0.00000000000000000000	

7.500000e-001	2.500000e-001	0.000000e+000	0.000000e+000	0.000000e+000	
0.000000e+000	7.500000e-001	2.500000e-001	0.000000e+000	0.000000e+000	
0.000000e+000	0.000000e+000	9.444444e-001	5.555556e-002	0.000000e+000	
0.000000e+000	0.000000e+000	0.000000e+000	8.571429e-001	1.428571e-001	
0.000000e+000	0.000000e+000	0.000000e+000	0.000000e+000	1.000000e+000	


1.000000e-030 1.000000e-030 1.000000e-030 1.000000e-030 1.000000e-030 1.000000e-030 1.000000e-030 1.000000e-030 1.000000e-030 1.000000e-030 1.000000e-030 1.000000e-030 1.000000e-030 1.000000e+000 1.000000e-030 1.000000e-030 1.000000e-030 1.000000e-030 1.000000e-030 1.000000e-030 1.000000e-030 1.000000e-030 1.000000e-030 1.000000e-030 1.000000e-030 1.000000e-030 1.000000e-030 1.000000e-030 1.000000e-030 1.000000e-030 1.000000e-030 8.304990e-013 
1.000000e-030 1.000000e-030 1.000000e-030 1.000000e-030 1.000000e-030 1.000000e-030 1.000000e-030 2.500000e-001 1.000000e-030 1.000000e-030 1.000000e-030 1.000000e-030 1.000000e-030 2.855657e-013 1.000000e-030 1.000000e-030 1.000000e-030 1.000000e-030 1.000000e-030 1.000000e-030 1.000000e-030 1.000000e-030 1.000000e-030 1.000000e-030 1.000000e-030 1.000000e-030 1.000000e-030 2.680293e-008 1.000000e-030 1.000000e-030 1.000000e-030 7.500000e-001 
1.000000e-030 1.000000e-030 1.000000e-030 1.000000e-030 1.000000e-030 1.000000e-030 1.000000e-030 1.000000e-030 1.000000e-030 1.000000e-030 1.000000e-030 6.666667e-001 1.000000e-030 1.000000e-030 1.000000e-030 5.298015e-024 1.000000e-030 1.000000e-030 1.000000e-030 1.000000e-030 1.000000e-030 1.000000e-030 1.000000e-030 1.000000e-030 1.000000e-030 1.000000e-030 1.000000e-030 3.333333e-001 1.000000e-030 1.000000e-030 1.000000e-030 3.575206e-022 
1.000000e-030 1.000000e-030 1.000000e-030 1.000000e-030 1.000000e-030 1.000000e-030 1.000000e-030 1.428571e-001 1.000000e-030 1.000000e-030 1.000000e-030 1.000000e-030 1.000000e-030 2.857143e-001 1.000000e-030 5.714286e-001 1.000000e-030 1.000000e-030 1.000000e-030 5.911059e-015 1.000000e-030 1.000000e-030 1.000000e-030 1.000000e-030 1.000000e-030 1.000000e-030 1.000000e-030 2.546730e-010 1.000000e-030 1.000000e-030 1.000000e-030 1.000000e-030 
1.000000e-030 1.000000e-030 1.000000e-030 1.000000e-030 1.000000e-030 1.000000e-030 1.000000e-030 1.000000e-030 1.000000e-030 1.000000e-030 1.000000e-030 1.000000e-030 1.000000e-030 2.000000e-001 1.000000e-030 4.778289e-017 1.000000e-030 1.000000e-030 1.000000e-030 5.000000e-001 1.000000e-030 1.000000e-030 1.000000e-030 1.000000e-030 2.000000e-001 1.000000e-030 1.000000e-030 5.000000e-002 1.000000e-030 1.000000e-030 1.000000e-030 5.000000e-002 
