1.00000000000000000000	0.00000000000000000000	0.00000000000000000000	0.00000000000000000000	0.00000000000000000000	

0.000000e+000	1.000000e+000	0.000000e+000	0.000000e+000	0.000000e+000	
0.000000e+000	9.385217e-001	6.147827e-002	0.000000e+000	0.000000e+000	
0.000000e+000	0.000000e+000	8.972683e-001	1.027317e-001	0.000000e+000	
0.000000e+000	0.000000e+000	0.000000e+000	9.626771e-001	3.732289e-002	
0.000000e+000	0.000000e+000	0.000000e+000	0.000000e+000	1.000000e+000	


1.000000e-030 1.000000e+000 1.000000e-030 1.000000e-030 1.000000e-030 1.000000e-030 1.000000e-030 1.000000e-030 1.000000e-030 1.000000e-030 1.000000e-030 1.000000e-030 1.000000e-030 1.000000e-030 1.000000e-030 1.000000e-030 1.000000e-030 1.000000e-030 1.000000e-030 1.000000e-030 1.000000e-030 1.000000e-030 1.000000e-030 1.000000e-030 1.000000e-030 1.000000e-030 1.000000e-030 1.000000e-030 1.000000e-030 1.000000e-030 1.000000e-030 1.000000e-030 
1.000000e-030 1.000000e-030 1.000000e-030 1.000000e-030 1.000000e-030 1.000000e-030 1.000000e-030 1.000000e-030 1.000000e-030 1.000000e-030 1.000000e-030 1.000000e-030 1.000000e-030 1.000000e-030 1.000000e-030 1.000000e-030 1.000000e-030 1.000000e-030 1.000000e-030 1.000000e-030 1.000000e-030 7.919084e-001 1.000000e-030 1.000000e-030 1.000000e-030 1.533810e-021 1.000000e-030 1.000000e-030 1.000000e-030 2.080916e-001 1.000000e-030 1.000000e-030 
1.000000e-030 1.000000e-030 1.000000e-030 1.000000e-030 1.000000e-030 1.000000e-030 1.000000e-030 1.000000e-030 1.000000e-030 1.000000e-030 1.000000e-030 1.000000e-030 1.000000e-030 1.027317e-001 1.000000e-030 6.277859e-015 1.000000e-030 1.000000e-030 1.000000e-030 1.000000e-030 1.000000e-030 1.149455e-001 1.000000e-030 1.000000e-030 1.000000e-030 1.027317e-001 1.000000e-030 1.000000e-030 1.000000e-030 6.795910e-001 1.000000e-030 1.000000e-030 
1.000000e-030 1.000000e-030 1.000000e-030 1.000000e-030 1.000000e-030 3.732289e-002 1.000000e-030 1.000000e-030 1.000000e-030 2.960525e-002 1.000000e-030 1.000000e-030 1.000000e-030 1.866144e-001 1.000000e-030 4.105518e-001 1.000000e-030 1.000000e-030 1.000000e-030 1.492916e-001 1.000000e-030 1.000000e-030 1.000000e-030 1.000000e-030 1.000000e-030 3.732253e-002 1.000000e-030 1.000000e-030 1.000000e-030 9.273213e-016 1.000000e-030 1.492916e-001 
1.000000e-030 5.154818e-002 1.030964e-001 1.000000e-030 1.718273e-002 1.000000e-030 1.374618e-001 1.000000e-030 1.000000e-030 3.401607e-003 3.436546e-002 1.000000e-030 1.000000e-030 1.000000e-030 6.873091e-002 1.000000e-030 1.000000e-030 1.000000e-030 2.061927e-001 1.000000e-030 1.000000e-030 1.000000e-030 2.233755e-001 1.000000e-030 1.000000e-030 1.579909e-007 1.546446e-001 1.000000e-030 1.000000e-030 1.000000e-030 1.000000e-030 1.000000e-030 
