1.00000000000000000000	0.00000000000000000000	0.00000000000000000000	0.00000000000000000000	0.00000000000000000000	

8.000000e-001	2.000000e-001	0.000000e+000	0.000000e+000	0.000000e+000	
0.000000e+000	9.090909e-001	9.090909e-002	0.000000e+000	0.000000e+000	
0.000000e+000	0.000000e+000	9.285714e-001	7.142857e-002	0.000000e+000	
0.000000e+000	0.000000e+000	0.000000e+000	8.582823e-001	1.417177e-001	
0.000000e+000	0.000000e+000	0.000000e+000	0.000000e+000	1.000000e+000	


1.000000e-030 2.000000e-001 1.000000e-030 1.000000e-030 1.000000e-030 1.000000e-030 1.000000e-030 2.000000e-001 1.000000e-030 1.000000e-030 1.000000e-030 1.000000e-030 1.000000e-030 1.000000e-030 1.000000e-030 1.000000e-030 4.000000e-001 1.000000e-030 1.000000e-030 1.000000e-030 1.000000e-030 1.000000e-030 1.000000e-030 1.000000e-030 1.000000e-030 1.000000e-030 1.000000e-030 1.000000e-030 1.000000e-030 2.000000e-001 1.000000e-030 1.000000e-030 
1.000000e-030 2.696988e-015 1.000000e-030 9.090909e-001 1.000000e-030 1.000000e-030 1.000000e-030 1.487677e-013 1.000000e-030 1.000000e-030 1.000000e-030 1.000000e-030 1.000000e-030 1.000000e-030 1.000000e-030 1.000000e-030 1.000000e-030 1.000000e-030 1.000000e-030 9.090909e-002 1.000000e-030 1.000000e-030 1.000000e-030 1.000000e-030 1.000000e-030 1.000000e-030 1.000000e-030 1.000000e-030 1.000000e-030 1.000000e-030 1.000000e-030 1.000000e-030 
1.000000e-030 1.000000e-030 1.000000e-030 2.611312e-013 1.000000e-030 1.000000e-030 1.000000e-030 1.428571e-001 1.000000e-030 1.000000e-030 1.000000e-030 8.571429e-001 1.000000e-030 1.000000e-030 1.000000e-030 1.000000e-030 1.000000e-030 1.000000e-030 1.000000e-030 1.000000e-030 1.000000e-030 1.000000e-030 1.000000e-030 1.000000e-030 1.000000e-030 1.000000e-030 1.000000e-030 1.000000e-030 1.000000e-030 1.000000e-030 1.000000e-030 1.000000e-030 
1.000000e-030 2.806921e-001 1.000000e-030 1.417177e-001 1.524591e-001 1.000000e-030 1.417174e-001 1.000000e-030 1.000000e-030 1.000000e-030 1.000000e-030 1.000000e-030 1.000000e-030 1.000000e-030 1.000000e-030 1.000000e-030 2.834137e-001 1.000000e-030 1.000000e-030 1.000000e-030 1.000000e-030 1.000000e-030 1.000000e-030 1.000000e-030 1.000000e-030 1.000000e-030 1.000000e-030 1.000000e-030 1.000000e-030 1.000000e-030 1.000000e-030 1.000000e-030 
1.000000e-030 1.457396e-002 1.000000e-030 1.000000e-030 1.132940e-001 1.000805e-001 1.429723e-002 3.145386e-001 1.000000e-030 4.289163e-002 1.143777e-001 1.000000e-030 7.148605e-002 1.000000e-030 1.000000e-030 1.000000e-030 2.859661e-002 5.718884e-002 1.000000e-030 1.000000e-030 1.429721e-002 4.289163e-002 1.000000e-030 1.000000e-030 1.000000e-030 4.289163e-002 1.429721e-002 1.000000e-030 1.000000e-030 1.429721e-002 1.000000e-030 1.000000e-030 
