1.00000000000000000000	0.00000000000000000000	0.00000000000000000000	0.00000000000000000000	0.00000000000000000000	

5.000000e-001	5.000000e-001	0.000000e+000	0.000000e+000	0.000000e+000	
0.000000e+000	6.666667e-001	3.333333e-001	0.000000e+000	0.000000e+000	
0.000000e+000	0.000000e+000	9.523810e-001	4.761905e-002	0.000000e+000	
0.000000e+000	0.000000e+000	0.000000e+000	9.333333e-001	6.666667e-002	
0.000000e+000	0.000000e+000	0.000000e+000	0.000000e+000	1.000000e+000	


1.000000e-030 5.000000e-001 1.000000e-030 1.000000e-030 1.000000e-030 1.000000e-030 1.000000e-030 1.000000e-030 1.000000e-030 1.000000e-030 1.000000e-030 1.000000e-030 6.632894e-014 1.000000e-030 1.000000e-030 1.000000e-030 1.000000e-030 1.000000e-030 1.000000e-030 1.000000e-030 1.000000e-030 1.000000e-030 5.000000e-001 1.000000e-030 1.000000e-030 1.000000e-030 1.000000e-030 1.000000e-030 1.000000e-030 1.000000e-030 1.000000e-030 1.000000e-030 
1.000000e-030 1.000000e-030 1.000000e-030 1.000000e-030 1.000000e-030 1.000000e-030 1.000000e-030 1.000000e-030 1.000000e-030 1.000000e-030 1.000000e-030 1.000000e-030 6.666667e-001 1.000000e-030 1.000000e-030 1.000000e-030 1.000000e-030 1.000000e-030 1.000000e-030 1.000000e-030 3.333333e-001 1.000000e-030 1.000000e-030 1.000000e-030 1.000000e-030 1.000000e-030 1.000000e-030 1.000000e-030 1.983692e-016 1.000000e-030 1.000000e-030 1.000000e-030 
1.000000e-030 1.000000e-030 1.000000e-030 1.000000e-030 1.000000e-030 1.000000e-030 1.000000e-030 1.000000e-030 1.000000e-030 1.000000e-030 1.000000e-030 1.000000e-030 1.065987e-024 1.000000e-030 1.000000e-030 1.000000e-030 1.000000e-030 1.000000e-030 1.000000e-030 1.000000e-030 4.761905e-001 1.000000e-030 1.000000e-030 1.000000e-030 4.761905e-002 1.000000e-030 1.000000e-030 1.000000e-030 4.761905e-001 1.000000e-030 1.000000e-030 1.000000e-030 
5.333333e-001 1.000000e-030 1.000000e-030 6.666667e-002 1.000000e-030 1.000000e-030 1.000000e-030 1.000000e-030 1.000000e-030 1.000000e-030 1.000000e-030 7.543133e-021 1.000000e-030 1.000000e-030 1.000000e-030 1.000000e-030 4.000000e-001 1.000000e-030 1.000000e-030 1.000000e-030 1.000000e-030 1.000000e-030 1.000000e-030 1.000000e-030 1.000000e-030 1.000000e-030 1.000000e-030 1.000000e-030 1.000000e-030 1.000000e-030 1.000000e-030 1.000000e-030 
1.000000e-030 1.000000e-001 1.000000e-030 5.000000e-002 1.000000e-030 5.000000e-002 1.500000e-001 2.000000e-001 1.000000e-030 1.250000e-001 1.000000e-030 1.500000e-001 1.000000e-030 2.500000e-002 1.000000e-030 1.000000e-030 1.000000e-030 1.000000e-030 1.000000e-030 2.500000e-002 1.000000e-030 1.000000e-030 1.000000e-030 7.500000e-002 1.000000e-030 1.000000e-030 1.000000e-030 2.500000e-002 1.000000e-030 1.000000e-030 1.000000e-030 2.500000e-002 
