1.00000000000000000000	0.00000000000000000000	0.00000000000000000000	0.00000000000000000000	0.00000000000000000000	

7.916096e-001	2.083904e-001	0.000000e+000	0.000000e+000	0.000000e+000	
0.000000e+000	8.913199e-001	1.086801e-001	0.000000e+000	0.000000e+000	
0.000000e+000	0.000000e+000	8.333333e-001	1.666667e-001	0.000000e+000	
0.000000e+000	0.000000e+000	0.000000e+000	9.523810e-001	4.761905e-002	
0.000000e+000	0.000000e+000	0.000000e+000	0.000000e+000	1.000000e+000	


1.000000e-030 1.000000e-030 1.000000e-030 1.000000e-030 1.000000e-030 5.832193e-001 1.000000e-030 1.000000e-030 1.000000e-030 1.000000e-030 1.000000e-030 1.000000e-030 1.000000e-030 1.000000e-030 1.000000e-030 1.000000e-030 1.000000e-030 1.000000e-030 1.000000e-030 1.000000e-030 1.000000e-030 4.167807e-001 1.000000e-030 1.000000e-030 1.000000e-030 1.000000e-030 1.000000e-030 1.000000e-030 1.000000e-030 1.000000e-030 1.317778e-030 1.000000e-030 
1.000000e-030 1.000000e-030 1.000000e-030 1.000000e-030 1.000000e-030 1.305589e-001 1.000000e-030 1.000000e-030 1.000000e-030 1.000000e-030 1.000000e-030 1.000000e-030 1.000000e-030 1.000000e-030 2.173603e-001 1.000000e-030 1.000000e-030 1.000000e-030 1.000000e-030 1.000000e-030 1.000000e-030 1.000000e-030 3.365236e-018 1.000000e-030 1.000000e-030 1.000000e-030 1.000000e-030 1.000000e-030 1.000000e-030 1.000000e-030 6.520808e-001 1.000000e-030 
1.000000e-030 1.000000e-030 1.000000e-030 1.000000e-030 1.000000e-030 1.000000e-030 1.666667e-001 1.000000e-030 1.000000e-030 1.000000e-030 5.000000e-001 1.000000e-030 1.000000e-030 1.000000e-030 1.000000e-030 1.000000e-030 1.000000e-030 1.000000e-030 1.000000e-030 1.000000e-030 1.000000e-030 1.000000e-030 1.666667e-001 1.000000e-030 1.000000e-030 1.000000e-030 1.666667e-001 1.000000e-030 1.000000e-030 1.000000e-030 7.910229e-027 1.000000e-030 
1.000000e-030 1.000000e-030 1.000000e-030 1.000000e-030 4.761905e-002 1.000000e-030 1.000000e-030 1.000000e-030 1.000004e-030 1.000000e-030 1.000000e-030 1.000000e-030 4.285714e-001 1.000000e-030 1.000000e-030 1.000000e-030 1.000000e-030 1.000000e-030 1.000000e-030 1.000000e-030 2.857143e-001 1.000000e-030 1.000000e-030 1.000000e-030 1.000000e-030 1.000000e-030 6.463743e-021 1.000000e-030 2.380952e-001 1.000000e-030 1.000000e-030 1.000000e-030 
1.000000e-030 1.071429e-001 1.785714e-002 1.000000e-030 1.000000e-030 1.964286e-001 1.000000e-030 1.000000e-030 2.142857e-001 1.000000e-030 1.000000e-030 1.000000e-030 1.000000e-030 1.000000e-030 1.785714e-002 1.000000e-030 1.000000e-030 1.250000e-001 1.000000e-030 1.000000e-030 1.000000e-030 8.928571e-002 1.000000e-030 1.000000e-030 1.785714e-002 2.142857e-001 1.000000e-030 1.000000e-030 1.000000e-030 1.000000e-030 1.000000e-030 1.000000e-030 
