1.00000000000000000000	0.00000000000000000000	0.00000000000000000000	0.00000000000000000000	0.00000000000000000000	

0.000000e+000	1.000000e+000	0.000000e+000	0.000000e+000	0.000000e+000	
0.000000e+000	9.385217e-001	6.147827e-002	0.000000e+000	0.000000e+000	
0.000000e+000	0.000000e+000	8.972683e-001	1.027317e-001	0.000000e+000	
0.000000e+000	0.000000e+000	0.000000e+000	9.629630e-001	3.703704e-002	
0.000000e+000	0.000000e+000	0.000000e+000	0.000000e+000	1.000000e+000	


1.000000e-030 1.000000e+000 1.000000e-030 1.000000e-030 1.000000e-030 1.000000e-030 1.000000e-030 1.000000e-030 1.000000e-030 1.000000e-030 1.000000e-030 1.000000e-030 1.000000e-030 1.000000e-030 1.000000e-030 1.000000e-030 1.000000e-030 1.000000e-030 1.000000e-030 1.000000e-030 1.000000e-030 1.000000e-030 1.000000e-030 1.000000e-030 1.000000e-030 1.000000e-030 1.000000e-030 1.000000e-030 1.000000e-030 1.000000e-030 1.000000e-030 1.000000e-030 
1.000000e-030 1.000000e-030 1.000000e-030 1.000000e-030 1.000000e-030 1.000000e-030 1.000000e-030 1.000000e-030 1.000000e-030 1.000000e-030 1.000000e-030 1.000000e-030 1.000000e-030 1.000000e-030 1.000000e-030 1.000000e-030 1.000000e-030 1.000000e-030 1.000000e-030 1.000000e-030 1.000000e-030 7.919084e-001 1.000000e-030 1.000000e-030 1.000000e-030 1.000000e-030 1.000000e-030 1.000000e-030 1.000000e-030 2.080916e-001 1.000000e-030 1.000000e-030 
1.000000e-030 1.000000e-030 1.000000e-030 1.000000e-030 1.000000e-030 1.000000e-030 1.000000e-030 1.000000e-030 1.000000e-030 1.000000e-030 1.000000e-030 1.000000e-030 1.000000e-030 1.027317e-001 1.000000e-030 8.601474e-024 1.000000e-030 1.000000e-030 1.000000e-030 1.000000e-030 1.000000e-030 1.149455e-001 1.000000e-030 1.000000e-030 1.000000e-030 1.027317e-001 1.000000e-030 1.000000e-030 1.000000e-030 6.795910e-001 1.000000e-030 1.000000e-030 
1.000000e-030 1.000000e-030 1.000000e-030 1.000000e-030 1.000000e-030 3.703704e-002 1.000000e-030 1.000000e-030 1.000000e-030 3.703704e-002 1.000000e-030 1.000000e-030 1.000000e-030 1.851852e-001 1.000000e-030 4.074074e-001 1.000000e-030 1.000000e-030 1.000000e-030 1.481481e-001 1.000000e-030 1.000000e-030 1.000000e-030 1.000000e-030 1.000000e-030 3.703704e-002 1.000000e-030 1.000000e-030 1.000000e-030 1.000000e-030 1.000000e-030 1.481481e-001 
1.000000e-030 5.172414e-002 1.034483e-001 1.000000e-030 1.724138e-002 1.000000e-030 1.379310e-001 1.000000e-030 1.000000e-030 1.022527e-010 3.448276e-002 1.000000e-030 1.000000e-030 1.000000e-030 6.896552e-002 1.000000e-030 1.000000e-030 1.000000e-030 2.068966e-001 1.000000e-030 1.000000e-030 1.000000e-030 2.241379e-001 1.000000e-030 1.000000e-030 1.000000e-030 1.551724e-001 1.000000e-030 1.000000e-030 1.000000e-030 1.000000e-030 1.000000e-030 
