1.00000000000000000000	0.00000000000000000000	0.00000000000000000000	0.00000000000000000000	0.00000000000000000000	

8.412199e-001	1.587801e-001	0.000000e+000	0.000000e+000	0.000000e+000	
0.000000e+000	8.466346e-001	1.533654e-001	0.000000e+000	0.000000e+000	
0.000000e+000	0.000000e+000	9.294427e-001	7.055730e-002	0.000000e+000	
0.000000e+000	0.000000e+000	0.000000e+000	9.166667e-001	8.333333e-002	
0.000000e+000	0.000000e+000	0.000000e+000	0.000000e+000	1.000000e+000	


1.000000e-030 1.000000e-030 1.000000e-030 1.000000e-030 1.000000e-030 4.731925e-002 1.000000e-030 1.000000e-030 1.000000e-030 1.000000e-030 1.000000e-030 3.175603e-001 1.000000e-030 1.000000e-030 1.000000e-030 1.000000e-030 1.000000e-030 1.000000e-030 1.000000e-030 1.000000e-030 1.000000e-030 1.000000e-030 1.000000e-030 1.000000e-030 1.000000e-030 1.000000e-030 1.000000e-030 6.351205e-001 1.000000e-030 1.000000e-030 1.000000e-030 1.000000e-030 
1.000000e-030 1.000000e-030 1.000000e-030 1.533654e-001 1.000000e-030 1.062979e-001 1.533651e-001 1.000000e-030 1.000000e-030 1.000000e-030 1.000000e-030 1.000000e-030 1.000000e-030 1.000000e-030 1.000000e-030 1.000000e-030 1.000000e-030 1.000000e-030 1.000000e-030 1.000000e-030 1.000000e-030 1.000000e-030 5.869716e-001 1.000000e-030 1.000000e-030 1.000000e-030 1.000000e-030 5.612838e-012 1.000000e-030 1.000000e-030 1.000000e-030 1.000000e-030 
1.000000e-030 1.000000e-030 1.000000e-030 1.000000e-030 1.000000e-030 1.000000e-030 1.539149e-007 1.000000e-030 1.000000e-030 1.000000e-030 1.000000e-030 1.000000e-030 1.000000e-030 1.000000e-030 3.527865e-001 1.000000e-030 1.000000e-030 1.000000e-030 1.000000e-030 1.000000e-030 1.000000e-030 1.000000e-030 8.275494e-002 1.000000e-030 1.000000e-030 1.000000e-030 1.484752e-014 1.000000e-030 1.000000e-030 1.000000e-030 5.644584e-001 1.000000e-030 
1.000000e-030 1.666667e-001 8.333333e-002 1.000000e-030 1.000000e-030 2.500000e-001 8.333333e-002 1.000000e-030 1.000000e-030 1.000000e-030 1.000000e-030 1.000000e-030 1.000000e-030 1.000000e-030 1.000000e-030 1.000000e-030 1.000000e-030 1.000000e-030 1.666667e-001 1.000000e-030 1.000000e-030 1.000000e-030 1.000000e-030 1.000000e-030 1.000000e-030 1.000000e-030 2.500000e-001 1.000000e-030 1.000000e-030 1.000000e-030 1.392090e-015 1.000000e-030 
1.000000e-030 1.000000e-030 1.000000e-030 3.703704e-002 1.000000e-030 4.764539e-022 1.000000e-030 3.888889e-001 1.000000e-030 1.000000e-030 1.000000e-030 1.851852e-002 1.000000e-030 1.000000e-030 1.000000e-030 1.481481e-001 1.000000e-030 1.000000e-030 1.000000e-030 9.259259e-002 1.851852e-002 1.000000e-030 1.000000e-030 5.555556e-002 1.000000e-030 1.000000e-030 1.000000e-030 1.000000e-030 1.000000e-030 7.407407e-002 1.000000e-030 1.666667e-001 
