1.00000000000000000000	0.00000000000000000000	0.00000000000000000000	0.00000000000000000000	0.00000000000000000000	

6.624382e-001	3.375618e-001	0.000000e+000	0.000000e+000	0.000000e+000	
0.000000e+000	7.532128e-001	2.467872e-001	0.000000e+000	0.000000e+000	
0.000000e+000	0.000000e+000	7.663213e-001	2.336787e-001	0.000000e+000	
0.000000e+000	0.000000e+000	0.000000e+000	9.809527e-001	1.904725e-002	
0.000000e+000	0.000000e+000	0.000000e+000	0.000000e+000	1.000000e+000	


4.593008e-015 1.000000e-030 1.000000e-030 1.000000e-030 1.000000e-030 1.000000e-030 1.000000e-030 1.000000e-030 1.000000e-030 1.000000e-030 6.624382e-001 1.000000e-030 1.000000e-030 1.000000e-030 1.000000e-030 1.000000e-030 1.000000e-030 1.000000e-030 1.000000e-030 1.000000e-030 1.000000e-030 1.000000e-030 1.000000e-030 1.000000e-030 1.000000e-030 1.000000e-030 3.375618e-001 1.000000e-030 1.000000e-030 1.000000e-030 1.000000e-030 1.000000e-030 
4.935743e-001 1.000000e-030 1.000000e-030 2.467872e-001 1.000000e-030 1.000000e-030 1.000000e-030 1.000000e-030 2.467872e-001 1.000000e-030 1.285139e-002 1.000000e-030 1.000000e-030 1.000000e-030 5.104598e-019 1.000000e-030 1.000000e-030 1.000000e-030 1.000000e-030 1.000000e-030 1.000000e-030 1.000000e-030 1.000000e-030 1.000000e-030 1.000000e-030 1.000000e-030 1.000000e-030 1.000000e-030 1.000000e-030 1.000000e-030 1.000000e-030 1.000000e-030 
1.000000e-030 1.000000e-030 1.000000e-030 1.000000e-030 1.000000e-030 1.000000e-030 1.000000e-030 1.000000e-030 1.538410e-014 1.000000e-030 4.314530e-001 1.000000e-030 1.000000e-030 1.000000e-030 5.683611e-001 1.000000e-030 1.000000e-030 1.000000e-030 1.000000e-030 1.000000e-030 1.000000e-030 1.000000e-030 1.000000e-030 1.000000e-030 1.000000e-030 1.000000e-030 1.859289e-004 1.000000e-030 1.000000e-030 1.000000e-030 3.330500e-029 1.000000e-030 
1.000000e-030 1.000000e-030 1.000000e-030 1.000000e-030 1.000000e-030 1.000000e-030 3.809450e-002 1.000000e-030 1.000000e-030 1.000000e-030 5.775819e-002 1.000000e-030 1.000000e-030 1.000000e-030 2.965257e-001 1.000000e-030 1.000000e-030 1.000000e-030 1.000000e-030 1.000000e-030 1.000000e-030 1.000000e-030 1.000000e-030 1.000000e-030 1.000000e-030 1.000000e-030 2.266766e-001 1.000000e-030 1.000000e-030 1.000000e-030 3.809450e-001 1.000000e-030 
2.789274e-001 1.000000e-030 1.992339e-002 1.593871e-001 1.394637e-001 1.000000e-030 7.969355e-002 1.992339e-002 7.969355e-002 1.000000e-030 8.156165e-002 1.000000e-030 1.000000e-030 1.000000e-030 1.000000e-030 1.000000e-030 1.992339e-002 1.000000e-030 1.000000e-030 3.984678e-002 1.992339e-002 1.000000e-030 1.000000e-030 1.000000e-030 1.000000e-030 1.000000e-030 2.188587e-002 1.000000e-030 3.984678e-002 1.000000e-030 1.000000e-030 1.000000e-030 
