1.00000000000000000000	0.00000000000000000000	0.00000000000000000000	0.00000000000000000000	0.00000000000000000000	

7.859558e-001	2.140442e-001	0.000000e+000	0.000000e+000	0.000000e+000	
0.000000e+000	8.927967e-001	1.072033e-001	0.000000e+000	0.000000e+000	
0.000000e+000	0.000000e+000	6.212441e-001	3.787559e-001	0.000000e+000	
0.000000e+000	0.000000e+000	0.000000e+000	9.762379e-001	2.376213e-002	
0.000000e+000	0.000000e+000	0.000000e+000	0.000000e+000	1.000000e+000	


3.578674e-001 1.000000e-030 1.000000e-030 1.413512e-024 1.000000e-030 1.000000e-030 1.000000e-030 1.000000e-030 2.140442e-001 1.000000e-030 1.000000e-030 1.000000e-030 1.000000e-030 1.000000e-030 1.000000e-030 1.000000e-030 4.280884e-001 1.000000e-030 1.000000e-030 1.000000e-030 1.000000e-030 1.000000e-030 1.000000e-030 1.000000e-030 1.000000e-030 1.000000e-030 1.000000e-030 1.000000e-030 1.000000e-030 1.000000e-030 1.000000e-030 1.000000e-030 
6.783900e-001 1.000000e-030 1.000000e-030 2.144067e-001 1.072033e-001 1.000000e-030 9.473875e-022 1.000000e-030 1.000000e-030 1.000000e-030 1.000000e-030 1.000000e-030 1.000000e-030 1.000000e-030 1.000000e-030 1.000000e-030 1.533355e-018 1.000000e-030 1.000000e-030 1.000000e-030 1.000000e-030 1.000000e-030 1.000000e-030 1.000000e-030 1.000000e-030 1.000000e-030 1.000000e-030 1.000000e-030 1.000000e-030 1.000000e-030 1.000000e-030 1.000000e-030 
1.053960e-008 1.000000e-030 1.000000e-030 1.000000e-030 1.000000e-030 1.000000e-030 9.999993e-001 1.000000e-030 1.000000e-030 1.000000e-030 1.000000e-030 1.000000e-030 1.000000e-030 1.000000e-030 1.000000e-030 1.000000e-030 1.000000e-030 1.000000e-030 1.000000e-030 1.000000e-030 1.000000e-030 1.000000e-030 6.662127e-007 1.000000e-030 1.000000e-030 1.000000e-030 1.000000e-030 1.000000e-030 1.000000e-030 1.000000e-030 1.000000e-030 1.000000e-030 
1.000000e-030 1.000000e-030 1.720274e-002 1.425728e-001 4.752426e-002 1.000000e-030 1.986470e-001 1.000000e-030 1.000000e-030 1.000000e-030 1.000000e-030 1.000000e-030 4.752426e-002 1.000000e-030 1.000000e-030 1.000000e-030 1.000000e-030 1.000000e-030 1.000000e-030 1.000000e-030 3.326698e-001 1.000000e-030 2.138591e-001 1.000000e-030 1.000000e-030 1.000000e-030 1.000000e-030 1.000000e-030 1.000000e-030 1.000000e-030 1.000000e-030 1.000000e-030 
1.000000e-030 4.151153e-002 3.723307e-003 5.887354e-023 1.000000e-030 1.660461e-001 1.000000e-030 1.383718e-002 1.000000e-030 5.258127e-001 1.000000e-030 1.000000e-030 1.000000e-030 4.151153e-002 1.000000e-030 1.000000e-030 1.000000e-030 4.151153e-002 1.000000e-030 1.000000e-030 1.000000e-030 1.383718e-002 1.000000e-030 1.000000e-030 1.000000e-030 1.522089e-001 1.000000e-030 1.000000e-030 1.000000e-030 1.000000e-030 1.000000e-030 1.000000e-030 
