1.00000000000000000000	0.00000000000000000000	0.00000000000000000000	0.00000000000000000000	0.00000000000000000000	

8.000000e-001	2.000000e-001	0.000000e+000	0.000000e+000	0.000000e+000	
0.000000e+000	5.000006e-001	4.999994e-001	0.000000e+000	0.000000e+000	
0.000000e+000	0.000000e+000	7.115612e-001	2.884388e-001	0.000000e+000	
0.000000e+000	0.000000e+000	0.000000e+000	9.738095e-001	2.619046e-002	
0.000000e+000	0.000000e+000	0.000000e+000	0.000000e+000	1.000000e+000	


1.000000e-030 1.000000e-030 1.000000e-030 1.000000e-030 1.000000e-030 1.000000e-030 1.000000e-030 1.000000e-030 1.000000e-030 1.000000e-030 1.000000e-030 2.000000e-001 1.000000e-030 1.000000e-030 1.000000e-030 1.000000e-030 1.000000e-030 1.000000e-030 1.000000e-030 2.000000e-001 1.000000e-030 1.000000e-030 1.000000e-030 1.000000e-030 1.000000e-030 1.000000e-030 1.000000e-030 6.000000e-001 1.760576e-021 1.000000e-030 1.000000e-030 1.000000e-030 
1.000000e-030 1.000000e-030 1.000000e-030 1.000000e-030 1.000000e-030 1.000000e-030 1.000000e-030 1.000000e-030 1.000000e-030 1.000000e-030 1.000000e-030 1.000000e-030 1.000000e-030 1.000000e-030 1.000000e-030 1.000000e-030 1.000000e-030 1.000000e-030 1.000000e-030 1.000000e-030 1.137254e-006 1.000000e-030 1.000000e-030 1.000000e-030 1.000000e-030 1.000000e-030 1.000000e-030 7.275683e-009 9.999989e-001 1.000000e-030 1.000000e-030 1.000000e-030 
1.000000e-030 1.000000e-030 1.000000e-030 1.000000e-030 1.000000e-030 1.000000e-030 8.079959e-002 1.000000e-030 1.000000e-030 1.000000e-030 1.000000e-030 1.000000e-030 1.000000e-030 1.000000e-030 1.000000e-030 1.000000e-030 1.000000e-030 1.000000e-030 1.000000e-030 1.000000e-030 5.768770e-001 1.000000e-030 3.423234e-001 1.000000e-030 1.000000e-030 1.000000e-030 1.000000e-030 1.000000e-030 1.962983e-020 1.000000e-030 1.000000e-030 1.000000e-030 
1.000000e-030 1.000000e-030 1.000000e-030 1.000000e-030 1.050736e-022 1.000000e-030 2.715599e-001 1.000000e-030 1.000000e-030 1.000000e-030 5.238092e-002 1.000000e-030 1.000000e-030 1.000000e-030 1.047618e-001 1.000000e-030 1.000000e-030 1.000000e-030 1.000000e-030 1.000000e-030 2.314577e-021 1.000000e-030 5.712973e-001 1.000000e-030 1.000000e-030 1.000000e-030 1.000000e-030 1.000000e-030 1.000000e-030 1.000000e-030 1.000000e-030 1.000000e-030 
1.947374e-002 1.000000e-030 1.000000e-030 7.789495e-002 3.115798e-001 1.000000e-030 1.431556e-001 1.947374e-002 3.894747e-002 1.000000e-030 1.168424e-001 1.000000e-030 7.789495e-002 1.000000e-030 1.131699e-024 1.000000e-030 1.000000e-030 1.000000e-030 1.000000e-030 1.000000e-030 7.789495e-002 1.000000e-030 1.000000e-030 1.000000e-030 1.000000e-030 1.000000e-030 1.000000e-030 1.000000e-030 1.168424e-001 1.000000e-030 1.000000e-030 1.000000e-030 
