1.00000000000000000000	0.00000000000000000000	0.00000000000000000000	0.00000000000000000000	0.00000000000000000000	

8.571380e-001	1.428620e-001	0.000000e+000	0.000000e+000	0.000000e+000	
0.000000e+000	8.623910e-001	1.376090e-001	0.000000e+000	0.000000e+000	
0.000000e+000	0.000000e+000	8.235879e-001	1.764121e-001	0.000000e+000	
0.000000e+000	0.000000e+000	0.000000e+000	9.755937e-001	2.440626e-002	
0.000000e+000	0.000000e+000	0.000000e+000	0.000000e+000	1.000000e+000	


1.000000e-030 1.000000e-030 1.000000e-030 1.000000e-030 1.000000e-030 1.000000e-030 1.000000e-030 1.000000e-030 5.714479e-001 4.285521e-001 1.000000e-030 1.000000e-030 1.000000e-030 9.684079e-021 1.000000e-030 1.000000e-030 1.000000e-030 1.000000e-030 1.000000e-030 1.000000e-030 1.000000e-030 1.000000e-030 1.000000e-030 1.000000e-030 1.000000e-030 1.000000e-030 1.000000e-030 1.000000e-030 1.000000e-030 1.000000e-030 1.000000e-030 1.000000e-030 
1.000000e-030 1.000000e-030 1.000000e-030 1.000000e-030 1.000000e-030 1.000000e-030 1.000000e-030 1.000000e-030 1.000000e-030 3.404130e-005 1.000000e-030 1.000000e-030 1.000000e-030 2.752181e-001 1.000000e-030 1.000000e-030 1.000000e-030 3.119207e-001 1.000000e-030 1.000000e-030 1.000000e-030 1.000000e-030 1.000000e-030 1.000000e-030 1.000000e-030 4.128271e-001 1.000000e-030 1.000000e-030 1.000000e-030 1.000000e-030 1.000000e-030 1.000000e-030 
1.000000e-030 5.181240e-001 1.000000e-030 1.000000e-030 1.000000e-030 1.000000e-030 1.000000e-030 1.000000e-030 1.000000e-030 1.201809e-012 1.000000e-030 1.000000e-030 1.000000e-030 1.000000e-030 1.000000e-030 1.000000e-030 1.000000e-030 4.818760e-001 1.000000e-030 1.000000e-030 1.000000e-030 1.000000e-030 1.000000e-030 1.000000e-030 1.000000e-030 7.017263e-013 1.000000e-030 1.000000e-030 1.000000e-030 1.000000e-030 1.000000e-030 1.000000e-030 
1.000000e-030 2.594390e-002 1.000000e-030 1.000000e-030 1.000000e-030 2.440626e-002 1.000000e-030 1.000000e-030 1.000000e-030 3.660939e-001 1.000000e-030 1.000000e-030 1.000000e-030 1.000000e-030 1.000000e-030 1.000000e-030 1.000000e-030 1.000000e-030 1.000000e-030 1.000000e-030 1.000000e-030 5.835560e-001 1.000000e-030 1.000000e-030 1.000000e-030 1.000000e-030 1.000000e-030 1.000000e-030 1.000000e-030 1.000000e-030 1.000000e-030 1.000000e-030 
1.000000e-030 1.000000e-030 1.000000e-030 1.000000e-030 1.000000e-030 1.000000e-030 1.000000e-030 1.000000e-030 1.148239e-002 1.000000e-030 1.000000e-030 9.185910e-002 1.000000e-030 1.263063e-001 1.000000e-030 2.296477e-002 1.000000e-030 1.000000e-030 1.000000e-030 3.444716e-002 1.000000e-030 4.696187e-002 1.000000e-030 1.000000e-030 2.181654e-001 1.148239e-002 1.000000e-030 3.559540e-001 1.000000e-030 8.037671e-002 1.000000e-030 1.000000e-030 
