1.00000000000000000000	0.00000000000000000000	0.00000000000000000000	0.00000000000000000000	0.00000000000000000000	

8.457196e-001	1.542804e-001	0.000000e+000	0.000000e+000	0.000000e+000	
0.000000e+000	8.465631e-001	1.534369e-001	0.000000e+000	0.000000e+000	
0.000000e+000	0.000000e+000	9.411765e-001	5.882353e-002	0.000000e+000	
0.000000e+000	0.000000e+000	0.000000e+000	8.665029e-001	1.334971e-001	
0.000000e+000	0.000000e+000	0.000000e+000	0.000000e+000	1.000000e+000	


1.000000e-030 1.000000e-030 1.000000e-030 1.475987e-022 1.000000e-030 1.000000e-030 1.000000e-030 1.000000e-030 7.431736e-002 1.000000e-030 1.000000e-030 3.085609e-001 1.000000e-030 1.000000e-030 1.000000e-030 1.000000e-030 1.000000e-030 1.000000e-030 1.000000e-030 1.000000e-030 1.000000e-030 1.000000e-030 1.000000e-030 1.000000e-030 1.000000e-030 1.000000e-030 1.000000e-030 6.171218e-001 1.000000e-030 1.000000e-030 1.000000e-030 1.000000e-030 
1.000000e-030 1.000000e-030 1.000000e-030 1.534369e-001 1.000000e-030 1.000000e-030 1.000000e-030 1.000000e-030 7.937890e-002 1.000000e-030 1.000000e-030 1.000000e-030 1.000000e-030 1.000000e-030 3.514344e-019 1.000000e-030 1.000000e-030 1.000000e-030 1.000000e-030 1.000000e-030 1.000000e-030 1.000000e-030 7.671843e-001 1.000000e-030 1.000000e-030 1.000000e-030 1.000000e-030 5.686316e-022 1.000000e-030 1.000000e-030 1.000000e-030 1.000000e-030 
1.000000e-030 1.000000e-030 1.000000e-030 1.000000e-030 1.000000e-030 1.000000e-030 1.000000e-030 1.000000e-030 1.000000e-030 1.000000e-030 2.941176e-001 1.000000e-030 1.000000e-030 1.000000e-030 3.529412e-001 1.000000e-030 1.000000e-030 1.000000e-030 1.000000e-030 1.000000e-030 1.000000e-030 1.000000e-030 3.147455e-022 1.000000e-030 1.000000e-030 1.000000e-030 2.941176e-001 1.000000e-030 1.000000e-030 1.000000e-030 5.882353e-002 1.000000e-030 
1.000000e-030 1.000000e-030 2.669943e-001 1.334971e-001 1.334971e-001 4.004914e-001 1.000000e-030 6.333023e-011 1.000000e-030 1.000000e-030 1.609397e-008 1.000000e-030 1.000000e-030 6.552001e-002 1.000000e-030 1.000000e-030 1.000000e-030 1.000000e-030 1.000000e-030 1.000000e-030 1.000000e-030 1.000000e-030 1.000000e-030 1.000000e-030 1.000000e-030 1.000000e-030 1.000000e-030 1.000000e-030 1.000000e-030 1.000000e-030 1.000000e-030 1.000000e-030 
4.524510e-002 1.000000e-030 2.714706e-002 4.524510e-002 9.049020e-003 1.000000e-030 1.000000e-030 7.239216e-002 4.524510e-002 1.000000e-030 9.049020e-002 1.809804e-002 9.049020e-003 5.890191e-002 1.000000e-030 3.619608e-002 1.809804e-002 9.049020e-003 2.714706e-002 1.990784e-001 1.000000e-030 1.000000e-030 1.000000e-030 6.334314e-002 1.000000e-030 1.000000e-030 9.049020e-003 1.809804e-002 1.538333e-001 3.619608e-002 1.000000e-030 9.049020e-003 
