1.00000000000000000000	0.00000000000000000000	0.00000000000000000000	0.00000000000000000000	0.00000000000000000000	

7.906197e-001	2.093803e-001	0.000000e+000	0.000000e+000	0.000000e+000	
0.000000e+000	9.243723e-001	7.562768e-002	0.000000e+000	0.000000e+000	
0.000000e+000	0.000000e+000	7.587254e-001	2.412746e-001	0.000000e+000	
0.000000e+000	0.000000e+000	0.000000e+000	9.572458e-001	4.275424e-002	
0.000000e+000	0.000000e+000	0.000000e+000	0.000000e+000	1.000000e+000	


1.000000e-030 2.093803e-001 1.000000e-030 1.000000e-030 1.000000e-030 2.093803e-001 1.000000e-030 1.000000e-030 1.000000e-030 5.812393e-001 1.000000e-030 1.000000e-030 1.000000e-030 1.000000e-030 1.000000e-030 1.000000e-030 1.000000e-030 1.000000e-030 1.000000e-030 1.000000e-030 1.000000e-030 2.746443e-014 1.000000e-030 1.000000e-030 1.000000e-030 1.000000e-030 1.000000e-030 1.000000e-030 1.000000e-030 1.000000e-030 1.000000e-030 1.000000e-030 
1.000000e-030 1.000000e-030 1.000000e-030 1.000000e-030 1.000000e-030 3.024796e-001 1.000000e-030 1.000000e-030 2.994070e-010 9.256845e-002 1.000000e-030 1.000000e-030 1.000000e-030 1.000000e-030 1.000000e-030 1.000000e-030 1.000000e-030 1.000000e-030 1.000000e-030 1.000000e-030 1.000000e-030 5.293243e-001 1.000000e-030 1.000000e-030 1.000000e-030 7.562768e-002 1.000000e-030 1.000000e-030 1.000000e-030 1.000000e-030 1.000000e-030 1.000000e-030 
1.542867e-001 2.412746e-001 1.000000e-030 1.000000e-030 1.000000e-030 2.414099e-001 1.000000e-030 1.000000e-030 2.412746e-001 1.000000e-030 1.000000e-030 1.000000e-030 1.000000e-030 1.000000e-030 1.000000e-030 1.000000e-030 1.000000e-030 1.214522e-001 1.000000e-030 1.000000e-030 1.000000e-030 3.020030e-004 1.000000e-030 1.000000e-030 1.000000e-030 1.000000e-030 1.000000e-030 1.000000e-030 1.000000e-030 1.000000e-030 1.000000e-030 1.000000e-030 
1.399352e-001 2.070412e-016 1.000000e-030 3.782183e-017 2.565255e-001 1.000000e-030 2.137712e-001 1.000000e-030 1.000000e-030 1.000000e-030 1.000000e-030 1.000000e-030 1.000000e-030 1.000000e-030 1.000000e-030 1.000000e-030 2.137712e-001 1.616810e-002 1.000000e-030 1.000000e-030 1.598288e-001 1.000000e-030 1.000000e-030 1.000000e-030 1.000000e-030 1.000000e-030 1.000000e-030 1.000000e-030 1.000000e-030 1.000000e-030 1.000000e-030 1.000000e-030 
9.778789e-003 1.000000e-030 1.000000e-030 7.823031e-002 3.911516e-002 1.271243e-001 1.000000e-030 7.823031e-002 4.889395e-002 9.778789e-002 9.778789e-003 1.466818e-001 1.000000e-030 1.955758e-002 1.000000e-030 9.778789e-003 1.000000e-030 1.000000e-030 1.000000e-030 5.867273e-002 3.189989e-002 4.889395e-002 1.000000e-030 1.000000e-030 9.778789e-003 1.955758e-002 1.000000e-030 1.173455e-001 1.000000e-030 9.778789e-003 1.000000e-030 3.911516e-002 
