1.00000000000000000000	0.00000000000000000000	0.00000000000000000000	0.00000000000000000000	0.00000000000000000000	

9.117067e-001	8.829329e-002	0.000000e+000	0.000000e+000	0.000000e+000	
0.000000e+000	7.277201e-001	2.722799e-001	0.000000e+000	0.000000e+000	
0.000000e+000	0.000000e+000	9.091341e-001	9.086587e-002	0.000000e+000	
0.000000e+000	0.000000e+000	0.000000e+000	9.598095e-001	4.019047e-002	
0.000000e+000	0.000000e+000	0.000000e+000	0.000000e+000	1.000000e+000	


1.000000e-030 1.000000e-030 1.000000e-030 2.752890e-021 1.000000e-030 1.000000e-030 1.000000e-030 2.648799e-001 1.000000e-030 1.000000e-030 1.000000e-030 1.000000e-030 1.000000e-030 2.941256e-001 1.000000e-030 1.000000e-030 1.000000e-030 1.000000e-030 1.000000e-030 1.000000e-030 1.000000e-030 1.000000e-030 1.000000e-030 1.000000e-030 1.000000e-030 1.000000e-030 1.000000e-030 1.000000e-030 1.000000e-030 4.409945e-001 1.000000e-030 1.000000e-030 
1.000000e-030 1.000000e-030 1.000000e-030 2.722799e-001 1.000000e-030 1.000000e-030 1.000000e-030 6.324109e-014 1.000000e-030 1.000000e-030 1.000000e-030 1.000000e-030 1.000000e-030 7.263075e-001 1.000000e-030 1.000000e-030 1.000000e-030 1.000000e-030 1.000000e-030 2.023242e-016 1.000000e-030 1.000000e-030 1.000000e-030 1.000000e-030 1.000000e-030 1.000000e-030 1.000000e-030 1.000000e-030 1.000000e-030 1.412599e-003 1.000000e-030 1.000000e-030 
1.000000e-030 1.000000e-030 1.000000e-030 1.000000e-030 1.000000e-030 1.000000e-030 1.000000e-030 1.000000e-030 2.725976e-001 1.000000e-030 1.000000e-030 9.086587e-002 1.000000e-030 4.754810e-004 1.000000e-030 1.000000e-030 1.000000e-030 1.000000e-030 1.000000e-030 4.543293e-001 1.000000e-030 1.000000e-030 1.000000e-030 1.000000e-030 1.000000e-030 1.000000e-030 1.000000e-030 1.817317e-001 1.000000e-030 1.000000e-030 1.000000e-030 1.000000e-030 
1.000000e-030 1.000000e-030 1.000000e-030 4.019047e-002 1.000000e-030 8.038093e-002 1.000000e-030 3.169292e-001 4.019047e-002 1.000000e-030 1.000000e-030 6.187226e-015 1.000000e-030 1.605947e-001 1.000000e-030 4.019047e-002 1.000000e-030 1.000000e-030 1.000000e-030 1.205714e-001 1.220930e-030 1.000000e-030 1.000000e-030 1.000000e-030 1.000000e-030 1.000000e-030 1.000000e-030 1.000000e-030 1.000000e-030 2.009523e-001 1.000000e-030 1.000000e-030 
3.089143e-002 3.089143e-002 1.750514e-001 6.178286e-002 6.178286e-002 1.029714e-002 9.267428e-002 3.206859e-002 2.059429e-002 1.000000e-030 6.178286e-002 1.000000e-030 2.059429e-002 1.000000e-030 1.000000e-030 1.000000e-030 1.029714e-002 1.000000e-030 1.132686e-001 1.029714e-002 1.441600e-001 1.000000e-030 7.208000e-002 1.000000e-030 1.000000e-030 1.000000e-030 1.000000e-030 1.000000e-030 5.148571e-002 1.000000e-030 1.000000e-030 1.000000e-030 
