1.00000000000000000000	0.00000000000000000000	0.00000000000000000000	0.00000000000000000000	0.00000000000000000000	

5.003766e-001	4.996234e-001	0.000000e+000	0.000000e+000	0.000000e+000	
0.000000e+000	8.332908e-001	1.667092e-001	0.000000e+000	0.000000e+000	
0.000000e+000	0.000000e+000	9.528105e-001	4.718951e-002	0.000000e+000	
0.000000e+000	0.000000e+000	0.000000e+000	9.762468e-001	2.375316e-002	
0.000000e+000	0.000000e+000	0.000000e+000	0.000000e+000	1.000000e+000	


1.000000e-030 1.000000e-030 1.000000e-030 1.000000e-030 1.000000e-030 1.000000e-030 1.000000e-030 1.000000e-030 7.531439e-004 1.000000e-030 1.000000e-030 4.996234e-001 1.000000e-030 1.000000e-030 1.000000e-030 1.000000e-030 1.000000e-030 2.560200e-017 1.000000e-030 4.996234e-001 1.000000e-030 1.000000e-030 1.000000e-030 1.000000e-030 1.000000e-030 1.000000e-030 1.000000e-030 1.000000e-030 1.000000e-030 1.000000e-030 1.000000e-030 1.000000e-030 
1.667092e-001 1.315810e-014 1.000000e-030 1.000000e-030 1.000000e-030 1.667092e-001 1.000000e-030 1.667092e-001 3.331632e-001 1.000000e-030 1.000000e-030 1.000000e-030 1.000000e-030 1.000000e-030 1.000000e-030 1.000000e-030 1.000000e-030 1.667092e-001 1.000000e-030 4.968897e-010 1.000000e-030 1.000000e-030 1.000000e-030 1.000000e-030 1.000000e-030 1.000000e-030 1.000000e-030 1.000000e-030 1.000000e-030 1.000000e-030 1.000000e-030 1.000000e-030 
1.000000e-030 6.550404e-001 1.415685e-001 1.000000e-030 1.000000e-030 9.437903e-002 1.000000e-030 1.000000e-030 3.187808e-018 1.090120e-001 1.000000e-030 1.000000e-030 1.000000e-030 1.000000e-030 1.000000e-030 1.000000e-030 1.000000e-030 1.000000e-030 1.000000e-030 1.000000e-030 1.000000e-030 1.000000e-030 1.000000e-030 1.000000e-030 1.000000e-030 1.000000e-030 1.000000e-030 1.000000e-030 1.000000e-030 1.000000e-030 1.000000e-030 1.000000e-030 
1.000000e-030 5.033154e-002 1.000000e-030 1.000000e-030 1.000000e-030 1.732230e-001 1.000000e-030 1.000000e-030 2.853532e-012 1.114002e-001 1.000000e-030 1.000000e-030 1.000000e-030 1.000000e-030 1.000000e-030 1.000000e-030 1.000000e-030 5.462795e-001 1.000000e-030 1.000000e-030 1.000000e-030 1.000000e-030 1.000000e-030 1.000000e-030 1.000000e-030 1.187658e-001 1.000000e-030 1.000000e-030 1.000000e-030 1.000000e-030 1.000000e-030 1.000000e-030 
5.214499e-002 1.042900e-001 2.216162e-001 1.303625e-002 2.607249e-002 7.440270e-002 1.000000e-030 1.303625e-002 2.607249e-002 1.000000e-030 1.042900e-001 1.000000e-030 1.000000e-030 1.000000e-030 1.000000e-030 1.000000e-030 1.000000e-030 3.913247e-002 1.433987e-001 2.607249e-002 1.000000e-030 1.000000e-030 1.000000e-030 1.303625e-002 6.518124e-002 1.303625e-002 1.303625e-002 1.000000e-030 3.910874e-002 1.303625e-002 1.000000e-030 1.000000e-030 
