1.00000000000000000000	0.00000000000000000000	0.00000000000000000000	0.00000000000000000000	0.00000000000000000000	

8.551185e-001	1.448815e-001	0.000000e+000	0.000000e+000	0.000000e+000	
0.000000e+000	8.588925e-001	1.411075e-001	0.000000e+000	0.000000e+000	
0.000000e+000	0.000000e+000	8.888889e-001	1.111111e-001	0.000000e+000	
0.000000e+000	0.000000e+000	0.000000e+000	9.431420e-001	5.685805e-002	
0.000000e+000	0.000000e+000	0.000000e+000	0.000000e+000	1.000000e+000	


1.000000e-030 1.000000e-030 1.000000e-030 1.000000e-030 1.000000e-030 1.000000e-030 1.000000e-030 1.000000e-030 2.897630e-001 1.448071e-001 1.000000e-030 1.000000e-030 1.000000e-030 4.088908e-028 1.000000e-030 1.000000e-030 1.000000e-030 1.307854e-001 1.448815e-001 1.000000e-030 1.000000e-030 1.000000e-030 1.000000e-030 1.000000e-030 2.897630e-001 1.000000e-030 1.000000e-030 1.000000e-030 1.000000e-030 1.000000e-030 1.000000e-030 1.000000e-030 
1.411075e-001 1.000000e-030 1.055634e-021 1.000000e-030 1.000000e-030 1.000000e-030 1.000000e-030 1.000000e-030 1.000000e-030 5.765229e-005 1.000000e-030 1.000000e-030 1.000000e-030 1.411075e-001 1.000000e-030 1.000000e-030 7.055376e-001 1.218971e-002 2.080497e-023 1.000000e-030 1.000000e-030 1.000000e-030 1.000000e-030 1.000000e-030 1.000000e-030 1.000000e-030 1.000000e-030 1.000000e-030 1.000000e-030 1.000000e-030 1.000000e-030 1.000000e-030 
1.111111e-001 1.000000e-030 8.888889e-001 1.000000e-030 1.000000e-030 1.000000e-030 1.000000e-030 1.000000e-030 1.000000e-030 1.000000e-030 2.067589e-009 1.000000e-030 1.000000e-030 1.000000e-030 1.000000e-030 1.000000e-030 1.153572e-010 1.000000e-030 1.000000e-030 1.000000e-030 1.000000e-030 1.000000e-030 1.000000e-030 1.000000e-030 1.000000e-030 1.000000e-030 1.000000e-030 1.000000e-030 1.000000e-030 1.000000e-030 1.000000e-030 1.000000e-030 
1.000000e-030 1.000000e-030 7.889007e-021 1.000000e-030 1.000000e-030 1.000000e-030 4.463217e-002 1.000000e-030 1.000000e-030 1.000000e-030 2.266615e-001 1.000000e-030 1.000000e-030 1.000000e-030 1.463186e-002 1.000000e-030 1.000000e-030 1.000000e-030 1.000000e-030 1.000000e-030 1.000000e-030 1.000000e-030 1.000000e-030 1.000000e-030 1.000000e-030 1.000000e-030 7.140744e-001 1.000000e-030 1.000000e-030 1.000000e-030 1.000000e-030 1.000000e-030 
6.608483e-002 1.000000e-030 4.405656e-002 2.202828e-002 1.541979e-001 1.000000e-030 6.927486e-002 1.000000e-030 1.000000e-030 1.000000e-030 3.028224e-001 1.000000e-030 2.202828e-002 1.000000e-030 9.656761e-002 1.000000e-030 1.000000e-030 1.000000e-030 1.000000e-030 1.000000e-030 2.202828e-002 1.000000e-030 1.000000e-030 1.000000e-030 1.000000e-030 1.000000e-030 2.009110e-001 1.000000e-030 1.000000e-030 1.000000e-030 1.000000e-030 1.000000e-030 
