1.00000000000000000000	0.00000000000000000000	0.00000000000000000000	0.00000000000000000000	0.00000000000000000000	

8.440686e-001	1.559314e-001	0.000000e+000	0.000000e+000	0.000000e+000	
0.000000e+000	8.441894e-001	1.558106e-001	0.000000e+000	0.000000e+000	
0.000000e+000	0.000000e+000	9.294227e-001	7.057733e-002	0.000000e+000	
0.000000e+000	0.000000e+000	0.000000e+000	9.166667e-001	8.333333e-002	
0.000000e+000	0.000000e+000	0.000000e+000	0.000000e+000	1.000000e+000	


1.000000e-030 1.000000e-030 1.000000e-030 1.000000e-030 1.000000e-030 6.441143e-002 1.000000e-030 1.000000e-030 1.000000e-030 1.000000e-030 1.000000e-030 3.118629e-001 1.000000e-030 1.000000e-030 1.000000e-030 1.000000e-030 1.000000e-030 1.000000e-030 1.000000e-030 1.000000e-030 1.000000e-030 1.000000e-030 1.000000e-030 1.000000e-030 1.000000e-030 1.000000e-030 1.000000e-030 6.237257e-001 1.000000e-030 1.000000e-030 1.000000e-030 1.000000e-030 
1.000000e-030 1.000000e-030 1.000000e-030 1.558106e-001 1.000000e-030 9.144600e-002 1.558106e-001 1.000000e-030 1.000000e-030 1.000000e-030 1.000000e-030 1.000000e-030 1.000000e-030 1.000000e-030 1.000000e-030 1.000000e-030 1.000000e-030 1.000000e-030 1.000000e-030 1.000000e-030 1.000000e-030 1.000000e-030 5.969329e-001 1.000000e-030 1.000000e-030 1.000000e-030 1.000000e-030 3.452203e-029 1.000000e-030 1.000000e-030 1.000000e-030 1.000000e-030 
1.000000e-030 1.000000e-030 1.000000e-030 1.000000e-030 1.000000e-030 1.000000e-030 1.000000e-030 1.000000e-030 1.000000e-030 1.000000e-030 1.000000e-030 1.000000e-030 1.000000e-030 1.000000e-030 3.528867e-001 1.000000e-030 1.000000e-030 1.000000e-030 1.000000e-030 1.000000e-030 1.000000e-030 1.000000e-030 8.249470e-002 1.000000e-030 1.000000e-030 1.000000e-030 1.009587e-026 1.000000e-030 1.000000e-030 1.000000e-030 5.646186e-001 1.000000e-030 
1.000000e-030 1.666667e-001 8.333333e-002 1.000000e-030 1.000000e-030 2.500000e-001 8.333333e-002 1.000000e-030 1.000000e-030 1.000000e-030 1.000000e-030 1.000000e-030 1.000000e-030 1.000000e-030 1.000000e-030 1.000000e-030 1.000000e-030 1.000000e-030 1.666667e-001 1.000000e-030 1.000000e-030 1.000000e-030 1.000000e-030 1.000000e-030 1.000000e-030 1.000000e-030 2.500000e-001 1.000000e-030 1.000000e-030 1.000000e-030 1.000000e-030 1.000000e-030 
1.000000e-030 1.000000e-030 1.000000e-030 3.703704e-002 1.000000e-030 1.000000e-030 1.000000e-030 3.888889e-001 1.000000e-030 1.000000e-030 1.000000e-030 1.851852e-002 1.000000e-030 1.000000e-030 1.000000e-030 1.481481e-001 1.000000e-030 1.000000e-030 1.000000e-030 9.259259e-002 1.851852e-002 1.000000e-030 1.000000e-030 5.555556e-002 1.000000e-030 1.000000e-030 1.000000e-030 1.000000e-030 1.000000e-030 7.407407e-002 1.000000e-030 1.666667e-001 
