1.00000000000000000000	0.00000000000000000000	0.00000000000000000000	0.00000000000000000000	0.00000000000000000000	

7.859558e-001	2.140442e-001	0.000000e+000	0.000000e+000	0.000000e+000	
0.000000e+000	8.927967e-001	1.072033e-001	0.000000e+000	0.000000e+000	
0.000000e+000	0.000000e+000	6.216374e-001	3.783626e-001	0.000000e+000	
0.000000e+000	0.000000e+000	0.000000e+000	9.763912e-001	2.360883e-002	
0.000000e+000	0.000000e+000	0.000000e+000	0.000000e+000	1.000000e+000	


3.578674e-001 1.000000e-030 1.000000e-030 1.000000e-030 1.000000e-030 1.000000e-030 1.000000e-030 1.000000e-030 2.140442e-001 1.000000e-030 1.000000e-030 1.000000e-030 1.000000e-030 1.000000e-030 1.000000e-030 1.000000e-030 4.280884e-001 1.000000e-030 1.000000e-030 1.000000e-030 1.000000e-030 1.000000e-030 1.000000e-030 1.000000e-030 1.000000e-030 1.000000e-030 1.000000e-030 1.000000e-030 1.000000e-030 1.000000e-030 1.000000e-030 1.000000e-030 
6.783900e-001 1.000000e-030 1.000000e-030 2.144067e-001 1.072033e-001 1.000000e-030 1.000000e-030 1.000000e-030 1.000000e-030 1.000000e-030 1.000000e-030 1.000000e-030 1.000000e-030 1.000000e-030 1.000000e-030 1.000000e-030 1.000000e-030 1.000000e-030 1.000000e-030 1.000000e-030 1.000000e-030 1.000000e-030 1.000000e-030 1.000000e-030 1.000000e-030 1.000000e-030 1.000000e-030 1.000000e-030 1.000000e-030 1.000000e-030 1.000000e-030 1.000000e-030 
4.883498e-018 1.000000e-030 1.000000e-030 1.000000e-030 1.000000e-030 1.000000e-030 1.000000e+000 1.000000e-030 1.000000e-030 1.000000e-030 1.000000e-030 1.000000e-030 1.000000e-030 1.000000e-030 1.000000e-030 1.000000e-030 1.000000e-030 1.000000e-030 1.000000e-030 1.000000e-030 1.000000e-030 1.000000e-030 4.453525e-010 1.000000e-030 1.000000e-030 1.000000e-030 1.000000e-030 1.000000e-030 1.000000e-030 1.000000e-030 1.000000e-030 1.000000e-030 
1.000000e-030 1.000000e-030 2.360881e-002 1.416530e-001 4.721766e-002 1.000000e-030 1.972998e-001 1.000000e-030 1.000000e-030 1.000000e-030 1.000000e-030 1.000000e-030 4.721766e-002 1.000000e-030 1.000000e-030 1.000000e-030 1.000000e-030 1.000000e-030 1.000000e-030 1.000000e-030 3.305236e-001 1.000000e-030 2.124795e-001 1.000000e-030 1.000000e-030 1.000000e-030 1.000000e-030 1.000000e-030 1.000000e-030 1.000000e-030 1.000000e-030 1.000000e-030 
1.000000e-030 4.166667e-002 9.978595e-009 1.000000e-030 1.000000e-030 1.666667e-001 1.000000e-030 1.388889e-002 1.000000e-030 5.277778e-001 1.000000e-030 1.000000e-030 1.000000e-030 4.166667e-002 1.000000e-030 1.000000e-030 1.000000e-030 4.166667e-002 1.000000e-030 1.000000e-030 1.000000e-030 1.388889e-002 1.000000e-030 1.000000e-030 1.000000e-030 1.527778e-001 1.000000e-030 1.000000e-030 1.000000e-030 1.000000e-030 1.000000e-030 1.000000e-030 
