1.00000000000000000000	0.00000000000000000000	0.00000000000000000000	0.00000000000000000000	0.00000000000000000000	

6.665422e-001	3.334578e-001	0.000000e+000	0.000000e+000	0.000000e+000	
0.000000e+000	7.501582e-001	2.498418e-001	0.000000e+000	0.000000e+000	
0.000000e+000	0.000000e+000	7.675383e-001	2.324617e-001	0.000000e+000	
0.000000e+000	0.000000e+000	0.000000e+000	9.809539e-001	1.904613e-002	
0.000000e+000	0.000000e+000	0.000000e+000	0.000000e+000	1.000000e+000	


5.665043e-021 1.000000e-030 1.000000e-030 1.000000e-030 1.000000e-030 1.000000e-030 1.000000e-030 1.000000e-030 1.000000e-030 1.000000e-030 6.665422e-001 1.000000e-030 1.000000e-030 1.000000e-030 1.000000e-030 1.000000e-030 1.000000e-030 1.000000e-030 1.000000e-030 1.000000e-030 1.000000e-030 1.000000e-030 1.000000e-030 1.000000e-030 1.000000e-030 1.000000e-030 3.334578e-001 1.000000e-030 1.000000e-030 1.000000e-030 1.000000e-030 1.000000e-030 
4.996837e-001 1.000000e-030 1.000000e-030 2.498418e-001 1.000000e-030 1.000000e-030 1.000000e-030 1.000000e-030 2.498418e-001 1.000000e-030 6.326503e-004 1.000000e-030 1.000000e-030 1.000000e-030 1.000000e-030 1.000000e-030 1.000000e-030 1.000000e-030 1.000000e-030 1.000000e-030 1.000000e-030 1.000000e-030 1.000000e-030 1.000000e-030 1.000000e-030 1.000000e-030 1.000000e-030 1.000000e-030 1.000000e-030 1.000000e-030 1.000000e-030 1.000000e-030 
1.000000e-030 1.000000e-030 1.000000e-030 1.000000e-030 1.000000e-030 1.000000e-030 1.000000e-030 1.000000e-030 3.955178e-016 1.000000e-030 4.352538e-001 1.000000e-030 1.000000e-030 1.000000e-030 5.647462e-001 1.000000e-030 1.000000e-030 1.000000e-030 1.000000e-030 1.000000e-030 1.000000e-030 1.000000e-030 1.000000e-030 1.000000e-030 1.000000e-030 1.000000e-030 2.907021e-013 1.000000e-030 1.000000e-030 1.000000e-030 1.000000e-030 1.000000e-030 
1.000000e-030 1.000000e-030 1.000000e-030 1.000000e-030 1.000000e-030 1.000000e-030 3.809225e-002 1.000000e-030 1.000000e-030 1.000000e-030 5.774932e-002 1.000000e-030 1.000000e-030 1.000000e-030 2.965593e-001 1.000000e-030 1.000000e-030 1.000000e-030 1.000000e-030 1.000000e-030 1.000000e-030 1.000000e-030 1.000000e-030 1.000000e-030 1.000000e-030 1.000000e-030 2.266766e-001 1.000000e-030 1.000000e-030 1.000000e-030 3.809225e-001 1.000000e-030 
2.789252e-001 1.000000e-030 1.992323e-002 1.593858e-001 1.394626e-001 1.000000e-030 7.969291e-002 1.992323e-002 7.969291e-002 1.000000e-030 8.156825e-002 1.000000e-030 1.000000e-030 1.000000e-030 1.000000e-030 1.000000e-030 1.992323e-002 1.000000e-030 1.000000e-030 3.984645e-002 1.992323e-002 1.000000e-030 1.000000e-030 1.000000e-030 1.000000e-030 1.000000e-030 2.188654e-002 1.000000e-030 3.984645e-002 1.000000e-030 1.000000e-030 1.000000e-030 
