1.00000000000000000000	0.00000000000000000000	0.00000000000000000000	0.00000000000000000000	0.00000000000000000000	

8.571429e-001	1.428571e-001	0.000000e+000	0.000000e+000	0.000000e+000	
0.000000e+000	8.627748e-001	1.372252e-001	0.000000e+000	0.000000e+000	
0.000000e+000	0.000000e+000	8.230071e-001	1.769929e-001	0.000000e+000	
0.000000e+000	0.000000e+000	0.000000e+000	9.755936e-001	2.440640e-002	
0.000000e+000	0.000000e+000	0.000000e+000	0.000000e+000	1.000000e+000	


1.000000e-030 1.000000e-030 1.000000e-030 1.000000e-030 1.000000e-030 1.000000e-030 1.000000e-030 1.000000e-030 5.714286e-001 4.285714e-001 1.000000e-030 1.000000e-030 1.000000e-030 8.850833e-028 1.000000e-030 1.000000e-030 1.000000e-030 1.000000e-030 1.000000e-030 1.000000e-030 1.000000e-030 1.000000e-030 1.000000e-030 1.000000e-030 1.000000e-030 1.000000e-030 1.000000e-030 1.000000e-030 1.000000e-030 1.000000e-030 1.000000e-030 1.000000e-030 
1.000000e-030 1.000000e-030 1.000000e-030 1.000000e-030 1.000000e-030 1.000000e-030 1.000000e-030 1.000000e-030 1.000000e-030 2.544024e-016 1.000000e-030 1.000000e-030 1.000000e-030 2.744504e-001 1.000000e-030 1.000000e-030 1.000000e-030 3.138739e-001 1.000000e-030 1.000000e-030 1.000000e-030 1.000000e-030 1.000000e-030 1.000000e-030 1.000000e-030 4.116757e-001 1.000000e-030 1.000000e-030 1.000000e-030 1.000000e-030 1.000000e-030 1.000000e-030 
1.000000e-030 5.198696e-001 1.000000e-030 1.000000e-030 1.000000e-030 1.000000e-030 1.000000e-030 1.000000e-030 1.000000e-030 2.802304e-022 1.000000e-030 1.000000e-030 1.000000e-030 1.000000e-030 1.000000e-030 1.000000e-030 1.000000e-030 4.801304e-001 1.000000e-030 1.000000e-030 1.000000e-030 1.000000e-030 1.000000e-030 1.000000e-030 1.000000e-030 2.634493e-030 1.000000e-030 1.000000e-030 1.000000e-030 1.000000e-030 1.000000e-030 1.000000e-030 
1.000000e-030 2.593831e-002 1.000000e-030 1.000000e-030 1.000000e-030 2.440640e-002 1.000000e-030 1.000000e-030 1.000000e-030 3.660960e-001 1.000000e-030 1.000000e-030 1.000000e-030 1.000000e-030 1.000000e-030 1.000000e-030 1.000000e-030 1.000000e-030 1.000000e-030 1.000000e-030 1.000000e-030 5.835593e-001 1.000000e-030 1.000000e-030 1.000000e-030 1.000000e-030 1.000000e-030 1.000000e-030 1.000000e-030 1.000000e-030 1.000000e-030 1.000000e-030 
1.000000e-030 1.000000e-030 1.000000e-030 1.000000e-030 1.000000e-030 1.000000e-030 1.000000e-030 1.000000e-030 1.148239e-002 1.000000e-030 1.000000e-030 9.185910e-002 1.000000e-030 1.263063e-001 1.000000e-030 2.296477e-002 1.000000e-030 1.000000e-030 1.000000e-030 3.444716e-002 1.000000e-030 4.696186e-002 1.000000e-030 1.000000e-030 2.181654e-001 1.148239e-002 1.000000e-030 3.559540e-001 1.000000e-030 8.037671e-002 1.000000e-030 1.000000e-030 
