1.00000000000000000000	0.00000000000000000000	0.00000000000000000000	0.00000000000000000000	0.00000000000000000000	

8.461459e-001	1.538541e-001	0.000000e+000	0.000000e+000	0.000000e+000	
0.000000e+000	8.461618e-001	1.538382e-001	0.000000e+000	0.000000e+000	
0.000000e+000	0.000000e+000	9.411765e-001	5.882353e-002	0.000000e+000	
0.000000e+000	0.000000e+000	0.000000e+000	8.665029e-001	1.334971e-001	
0.000000e+000	0.000000e+000	0.000000e+000	0.000000e+000	1.000000e+000	


1.000000e-030 1.000000e-030 1.000000e-030 5.954441e-030 1.000000e-030 1.000000e-030 1.000000e-030 1.000000e-030 7.687558e-002 1.000000e-030 1.000000e-030 3.077081e-001 1.000000e-030 1.000000e-030 1.000000e-030 1.000000e-030 1.000000e-030 1.000000e-030 1.000000e-030 1.000000e-030 1.000000e-030 1.000000e-030 1.000000e-030 1.000000e-030 1.000000e-030 1.000000e-030 1.000000e-030 6.154163e-001 1.000000e-030 1.000000e-030 1.000000e-030 1.000000e-030 
1.000000e-030 1.000000e-030 1.000000e-030 1.538382e-001 1.000000e-030 1.000000e-030 1.000000e-030 1.000000e-030 7.697052e-002 1.000000e-030 1.000000e-030 1.000000e-030 1.000000e-030 1.000000e-030 1.261655e-028 1.000000e-030 1.000000e-030 1.000000e-030 1.000000e-030 1.000000e-030 1.000000e-030 1.000000e-030 7.691912e-001 1.000000e-030 1.000000e-030 1.000000e-030 1.000000e-030 1.000000e-030 1.000000e-030 1.000000e-030 1.000000e-030 1.000000e-030 
1.000000e-030 1.000000e-030 1.000000e-030 1.000000e-030 1.000000e-030 1.000000e-030 1.000000e-030 1.000000e-030 1.000000e-030 1.000000e-030 2.941176e-001 1.000000e-030 1.000000e-030 1.000000e-030 3.529412e-001 1.000000e-030 1.000000e-030 1.000000e-030 1.000000e-030 1.000000e-030 1.000000e-030 1.000000e-030 1.000000e-030 1.000000e-030 1.000000e-030 1.000000e-030 2.941176e-001 1.000000e-030 1.000000e-030 1.000000e-030 5.882353e-002 1.000000e-030 
1.000000e-030 1.000000e-030 2.669941e-001 1.334971e-001 1.334971e-001 4.004912e-001 1.000000e-030 2.472133e-014 1.000000e-030 1.000000e-030 2.121416e-017 1.000000e-030 1.000000e-030 6.552053e-002 1.000000e-030 1.000000e-030 1.000000e-030 1.000000e-030 1.000000e-030 1.000000e-030 1.000000e-030 1.000000e-030 1.000000e-030 1.000000e-030 1.000000e-030 1.000000e-030 1.000000e-030 1.000000e-030 1.000000e-030 1.000000e-030 1.000000e-030 1.000000e-030 
4.524510e-002 1.000000e-030 2.714706e-002 4.524510e-002 9.049020e-003 1.000000e-030 1.000000e-030 7.239216e-002 4.524510e-002 1.000000e-030 9.049020e-002 1.809804e-002 9.049020e-003 5.890187e-002 1.000000e-030 3.619608e-002 1.809804e-002 9.049020e-003 2.714706e-002 1.990784e-001 1.000000e-030 1.000000e-030 1.000000e-030 6.334314e-002 1.000000e-030 1.000000e-030 9.049020e-003 1.809804e-002 1.538333e-001 3.619608e-002 1.000000e-030 9.049020e-003 
