1.00000000000000000000	0.00000000000000000000	0.00000000000000000000	0.00000000000000000000	0.00000000000000000000	

7.919287e-001	2.080713e-001	0.000000e+000	0.000000e+000	0.000000e+000	
0.000000e+000	9.317685e-001	6.823147e-002	0.000000e+000	0.000000e+000	
0.000000e+000	0.000000e+000	6.997269e-001	3.002731e-001	0.000000e+000	
0.000000e+000	0.000000e+000	0.000000e+000	9.560417e-001	4.395831e-002	
0.000000e+000	0.000000e+000	0.000000e+000	0.000000e+000	1.000000e+000	


1.000000e-030 2.080713e-001 1.000000e-030 1.000000e-030 1.000000e-030 2.080713e-001 1.000000e-030 1.000000e-030 1.000000e-030 5.838574e-001 1.000000e-030 1.000000e-030 1.000000e-030 1.000000e-030 1.000000e-030 1.000000e-030 1.000000e-030 1.000000e-030 1.000000e-030 1.000000e-030 1.000000e-030 8.812732e-027 1.000000e-030 1.000000e-030 1.000000e-030 1.000000e-030 1.000000e-030 1.000000e-030 1.000000e-030 1.000000e-030 1.000000e-030 1.000000e-030 
1.000000e-030 1.000000e-030 1.000000e-030 1.000000e-030 1.000000e-030 3.225548e-001 1.000000e-030 1.000000e-030 5.006365e-002 8.152977e-002 1.000000e-030 1.000000e-030 1.000000e-030 1.000000e-030 1.000000e-030 1.000000e-030 1.000000e-030 1.000000e-030 1.000000e-030 1.000000e-030 1.000000e-030 4.776203e-001 1.000000e-030 1.000000e-030 1.000000e-030 6.823147e-002 1.000000e-030 1.000000e-030 1.000000e-030 1.000000e-030 1.000000e-030 1.000000e-030 
3.002731e-001 3.002731e-001 1.000000e-030 1.000000e-030 1.000000e-030 5.042409e-002 1.000000e-030 1.000000e-030 4.875650e-002 1.000000e-030 1.000000e-030 1.000000e-030 1.000000e-030 1.000000e-030 1.000000e-030 1.000000e-030 5.605085e-025 3.002731e-001 1.000000e-030 1.000000e-030 1.000000e-030 2.968656e-011 1.000000e-030 1.000000e-030 1.000000e-030 1.000000e-030 1.000000e-030 1.000000e-030 1.000000e-030 1.000000e-030 1.000000e-030 1.000000e-030 
1.318749e-001 1.000000e-030 1.000000e-030 7.966401e-026 2.637498e-001 1.000000e-030 2.197915e-001 1.000000e-030 1.000000e-030 1.000000e-030 1.000000e-030 1.000000e-030 1.000000e-030 1.000000e-030 1.000000e-030 1.000000e-030 2.197915e-001 4.328278e-010 1.000000e-030 1.000000e-030 1.647922e-001 1.000000e-030 1.000000e-030 1.000000e-030 1.000000e-030 1.000000e-030 1.000000e-030 1.000000e-030 1.000000e-030 1.000000e-030 1.000000e-030 1.000000e-030 
9.779839e-003 1.000000e-030 1.000000e-030 7.823871e-002 3.911936e-002 1.271379e-001 1.000000e-030 7.823871e-002 4.889920e-002 9.779839e-002 9.779839e-003 1.466976e-001 1.000000e-030 1.955968e-002 1.000000e-030 9.779839e-003 1.000000e-030 1.000000e-030 1.000000e-030 5.867903e-002 3.179593e-002 4.889920e-002 1.000000e-030 1.000000e-030 9.779839e-003 1.955968e-002 1.000000e-030 1.173581e-001 1.000000e-030 9.779839e-003 1.000000e-030 3.911936e-002 
