1.00000000000000000000	0.00000000000000000000	0.00000000000000000000	0.00000000000000000000	0.00000000000000000000	

9.117866e-001	8.821345e-002	0.000000e+000	0.000000e+000	0.000000e+000	
0.000000e+000	7.270637e-001	2.729363e-001	0.000000e+000	0.000000e+000	
0.000000e+000	0.000000e+000	9.090909e-001	9.090909e-002	0.000000e+000	
0.000000e+000	0.000000e+000	0.000000e+000	9.598162e-001	4.018380e-002	
0.000000e+000	0.000000e+000	0.000000e+000	0.000000e+000	1.000000e+000	


1.000000e-030 1.000000e-030 1.000000e-030 1.000000e-030 1.000000e-030 1.000000e-030 1.000000e-030 2.646403e-001 1.000000e-030 1.000000e-030 1.000000e-030 1.000000e-030 1.000000e-030 2.943190e-001 1.000000e-030 1.000000e-030 1.000000e-030 1.000000e-030 1.000000e-030 1.000000e-030 1.000000e-030 1.000000e-030 1.000000e-030 1.000000e-030 1.000000e-030 1.000000e-030 1.000000e-030 1.000000e-030 1.000000e-030 4.410407e-001 1.000000e-030 1.000000e-030 
1.000000e-030 1.000000e-030 1.000000e-030 2.729363e-001 1.000000e-030 1.000000e-030 1.000000e-030 1.000000e-030 1.000000e-030 1.000000e-030 1.000000e-030 1.000000e-030 1.000000e-030 7.269817e-001 1.000000e-030 1.000000e-030 1.000000e-030 1.000000e-030 1.000000e-030 4.201900e-024 1.000000e-030 1.000000e-030 1.000000e-030 1.000000e-030 1.000000e-030 1.000000e-030 1.000000e-030 1.000000e-030 1.000000e-030 8.200295e-005 1.000000e-030 1.000000e-030 
1.000000e-030 1.000000e-030 1.000000e-030 1.000000e-030 1.000000e-030 1.000000e-030 1.000000e-030 1.000000e-030 2.727273e-001 1.000000e-030 1.000000e-030 9.090909e-002 1.000000e-030 1.523255e-008 1.000000e-030 1.000000e-030 1.000000e-030 1.000000e-030 1.000000e-030 4.545454e-001 1.000000e-030 1.000000e-030 1.000000e-030 1.000000e-030 1.000000e-030 1.000000e-030 1.000000e-030 1.818182e-001 1.000000e-030 1.000000e-030 1.000000e-030 1.000000e-030 
1.000000e-030 1.000000e-030 1.000000e-030 4.018380e-002 1.000000e-030 8.036759e-002 1.000000e-030 3.168755e-001 4.018380e-002 1.000000e-030 1.000000e-030 2.787219e-021 1.000000e-030 1.607352e-001 1.000000e-030 4.018380e-002 1.000000e-030 1.000000e-030 1.000000e-030 1.205514e-001 1.000000e-030 1.000000e-030 1.000000e-030 1.000000e-030 1.000000e-030 1.000000e-030 1.000000e-030 1.000000e-030 1.000000e-030 2.009190e-001 1.000000e-030 1.000000e-030 
3.089142e-002 3.089142e-002 1.750514e-001 6.178284e-002 6.178284e-002 1.029714e-002 9.267426e-002 3.206887e-002 2.059428e-002 1.000000e-030 6.178284e-002 1.000000e-030 2.059428e-002 1.000000e-030 1.000000e-030 1.000000e-030 1.029714e-002 1.000000e-030 1.132685e-001 1.029714e-002 1.441600e-001 1.000000e-030 7.207998e-002 1.000000e-030 1.000000e-030 1.000000e-030 1.000000e-030 1.000000e-030 5.148570e-002 1.000000e-030 1.000000e-030 1.000000e-030 
