1.00000000000000000000	0.00000000000000000000	0.00000000000000000000	0.00000000000000000000	0.00000000000000000000	

8.000000e-001	2.000000e-001	0.000000e+000	0.000000e+000	0.000000e+000	
0.000000e+000	8.047522e-001	1.952478e-001	0.000000e+000	0.000000e+000	
0.000000e+000	0.000000e+000	9.717399e-001	2.826010e-002	0.000000e+000	
0.000000e+000	0.000000e+000	0.000000e+000	8.995147e-001	1.004853e-001	
0.000000e+000	0.000000e+000	0.000000e+000	0.000000e+000	1.000000e+000	


1.000000e-030 1.000000e-030 1.000000e-030 1.000000e-030 1.000000e-030 1.000000e-030 1.000000e-030 1.000000e-030 1.000000e-030 1.000000e-030 1.000000e-030 1.000000e+000 1.000000e-030 1.000000e-030 1.000000e-030 1.000000e-030 1.000000e-030 1.000000e-030 1.000000e-030 1.000000e-030 1.000000e-030 1.000000e-030 1.000000e-030 1.000000e-030 1.000000e-030 1.000000e-030 1.000000e-030 1.000000e-030 1.000000e-030 1.000000e-030 1.000000e-030 1.000000e-030 
1.000000e-030 1.000000e-030 1.000000e-030 1.000000e-030 3.525495e-022 1.000000e-030 1.000000e-030 1.000000e-030 1.952478e-001 1.000000e-030 1.000000e-030 1.694773e-030 1.000000e-030 1.000000e-030 1.000000e-030 1.000000e-030 1.000000e-030 1.000000e-030 1.000000e-030 1.000000e-030 8.047522e-001 1.000000e-030 1.000000e-030 1.000000e-030 1.000000e-030 1.000000e-030 1.000000e-030 1.000000e-030 1.000000e-030 1.000000e-030 1.000000e-030 1.000000e-030 
1.000000e-030 1.000000e-030 1.000000e-030 1.000000e-030 1.964281e-001 1.000000e-030 1.177417e-001 1.000000e-030 1.000000e-030 1.000000e-030 1.000000e-030 1.000000e-030 1.000000e-030 1.000000e-030 1.000000e-030 1.000000e-030 1.000000e-030 1.000000e-030 1.000000e-030 1.000000e-030 6.464740e-001 1.000000e-030 3.935615e-002 1.000000e-030 1.000000e-030 1.000000e-030 1.000000e-030 1.000000e-030 1.000000e-030 1.000000e-030 1.000000e-030 1.000000e-030 
1.000000e-030 1.000000e-030 1.000000e-030 1.000000e-030 2.010436e-001 1.000000e-030 2.437010e-001 1.000000e-030 1.000000e-030 1.000000e-030 2.464301e-023 1.000000e-030 1.000000e-030 1.000000e-030 1.000000e-030 1.000000e-030 1.000000e-030 1.000000e-030 1.000000e-030 1.000000e-030 1.927688e-001 1.000000e-030 3.624867e-001 1.000000e-030 1.000000e-030 1.000000e-030 1.000000e-030 1.000000e-030 1.000000e-030 1.000000e-030 1.000000e-030 1.000000e-030 
5.709825e-002 1.000000e-030 1.903275e-002 2.854912e-001 3.054480e-001 1.903275e-002 6.487126e-002 1.000000e-030 1.903275e-002 1.000000e-030 3.806550e-002 1.000000e-030 5.709825e-002 1.000000e-030 1.000000e-030 1.000000e-030 1.000000e-030 1.000000e-030 1.000000e-030 1.000000e-030 5.869824e-002 1.000000e-030 1.000000e-030 1.000000e-030 1.000000e-030 1.000000e-030 1.000000e-030 1.000000e-030 7.613100e-002 1.000000e-030 1.000000e-030 1.000000e-030 
