1.00000000000000000000	0.00000000000000000000	0.00000000000000000000	0.00000000000000000000	0.00000000000000000000	

5.000026e-001	4.999974e-001	0.000000e+000	0.000000e+000	0.000000e+000	
0.000000e+000	8.333330e-001	1.666670e-001	0.000000e+000	0.000000e+000	
0.000000e+000	0.000000e+000	9.528105e-001	4.718951e-002	0.000000e+000	
0.000000e+000	0.000000e+000	0.000000e+000	9.762468e-001	2.375316e-002	
0.000000e+000	0.000000e+000	0.000000e+000	0.000000e+000	1.000000e+000	


1.000000e-030 1.000000e-030 1.000000e-030 1.000000e-030 1.000000e-030 1.000000e-030 1.000000e-030 1.000000e-030 5.178297e-006 1.000000e-030 1.000000e-030 4.999974e-001 1.000000e-030 1.000000e-030 1.000000e-030 1.000000e-030 1.000000e-030 1.000000e-030 1.000000e-030 4.999974e-001 1.000000e-030 1.000000e-030 1.000000e-030 1.000000e-030 1.000000e-030 1.000000e-030 1.000000e-030 1.000000e-030 1.000000e-030 1.000000e-030 1.000000e-030 1.000000e-030 
1.666670e-001 5.938707e-029 1.000000e-030 1.000000e-030 1.000000e-030 1.666670e-001 1.000000e-030 1.666670e-001 3.333322e-001 1.000000e-030 1.000000e-030 1.000000e-030 1.000000e-030 1.000000e-030 1.000000e-030 1.000000e-030 1.000000e-030 1.666670e-001 1.000000e-030 1.928831e-016 1.000000e-030 1.000000e-030 1.000000e-030 1.000000e-030 1.000000e-030 1.000000e-030 1.000000e-030 1.000000e-030 1.000000e-030 1.000000e-030 1.000000e-030 1.000000e-030 
1.000000e-030 6.550404e-001 1.415685e-001 1.000000e-030 1.000000e-030 9.437903e-002 1.000000e-030 1.000000e-030 1.000000e-030 1.090120e-001 1.000000e-030 1.000000e-030 1.000000e-030 1.000000e-030 1.000000e-030 1.000000e-030 1.000000e-030 1.000000e-030 1.000000e-030 1.000000e-030 1.000000e-030 1.000000e-030 1.000000e-030 1.000000e-030 1.000000e-030 1.000000e-030 1.000000e-030 1.000000e-030 1.000000e-030 1.000000e-030 1.000000e-030 1.000000e-030 
1.000000e-030 5.033154e-002 1.000000e-030 1.000000e-030 1.000000e-030 1.732230e-001 1.000000e-030 1.000000e-030 1.699289e-019 1.114002e-001 1.000000e-030 1.000000e-030 1.000000e-030 1.000000e-030 1.000000e-030 1.000000e-030 1.000000e-030 5.462795e-001 1.000000e-030 1.000000e-030 1.000000e-030 1.000000e-030 1.000000e-030 1.000000e-030 1.000000e-030 1.187658e-001 1.000000e-030 1.000000e-030 1.000000e-030 1.000000e-030 1.000000e-030 1.000000e-030 
5.214499e-002 1.042900e-001 2.216162e-001 1.303625e-002 2.607249e-002 7.440270e-002 1.000000e-030 1.303625e-002 2.607249e-002 1.000000e-030 1.042900e-001 1.000000e-030 1.000000e-030 1.000000e-030 1.000000e-030 1.000000e-030 1.000000e-030 3.913247e-002 1.433987e-001 2.607249e-002 1.000000e-030 1.000000e-030 1.000000e-030 1.303625e-002 6.518124e-002 1.303625e-002 1.303625e-002 1.000000e-030 3.910874e-002 1.303625e-002 1.000000e-030 1.000000e-030 
