1.00000000000000000000	0.00000000000000000000	0.00000000000000000000	0.00000000000000000000	0.00000000000000000000	

8.566882e-001	1.433118e-001	0.000000e+000	0.000000e+000	0.000000e+000	
0.000000e+000	8.575935e-001	1.424065e-001	0.000000e+000	0.000000e+000	
0.000000e+000	0.000000e+000	8.888889e-001	1.111111e-001	0.000000e+000	
0.000000e+000	0.000000e+000	0.000000e+000	9.707331e-001	2.926690e-002	
0.000000e+000	0.000000e+000	0.000000e+000	0.000000e+000	1.000000e+000	


1.000000e-030 1.000000e-030 1.000000e-030 1.000000e-030 1.000000e-030 1.000000e-030 1.000000e-030 1.000000e-030 2.866236e-001 1.433118e-001 1.000000e-030 1.000000e-030 1.000000e-030 1.293785e-029 1.000000e-030 1.000000e-030 1.000000e-030 1.401291e-001 1.433118e-001 1.000000e-030 1.000000e-030 1.000000e-030 1.000000e-030 1.000000e-030 2.866236e-001 1.000000e-030 1.000000e-030 1.000000e-030 1.000000e-030 1.000000e-030 1.000000e-030 1.000000e-030 
1.424065e-001 1.000000e-030 1.000000e-030 1.000000e-030 1.000000e-030 1.000000e-030 1.000000e-030 1.000000e-030 1.000000e-030 3.704433e-029 1.000000e-030 1.000000e-030 1.000000e-030 1.424065e-001 1.000000e-030 1.000000e-030 7.120324e-001 3.154627e-003 1.000000e-030 1.000000e-030 1.000000e-030 1.000000e-030 1.000000e-030 1.000000e-030 1.000000e-030 1.000000e-030 1.000000e-030 1.000000e-030 1.000000e-030 1.000000e-030 1.000000e-030 1.000000e-030 
1.111111e-001 1.000000e-030 8.888889e-001 1.000000e-030 1.000000e-030 1.000000e-030 1.000000e-030 1.000000e-030 1.000000e-030 1.000000e-030 1.408192e-018 1.000000e-030 1.000000e-030 1.000000e-030 1.000000e-030 1.000000e-030 1.454328e-022 1.000000e-030 1.000000e-030 1.000000e-030 1.000000e-030 1.000000e-030 1.000000e-030 1.000000e-030 1.000000e-030 1.000000e-030 1.000000e-030 1.000000e-030 1.000000e-030 1.000000e-030 1.000000e-030 1.000000e-030 
1.000000e-030 1.000000e-030 1.582128e-025 1.000000e-030 1.000000e-030 1.000000e-030 8.774736e-002 1.000000e-030 1.000000e-030 1.000000e-030 2.538734e-001 1.000000e-030 1.000000e-030 1.000000e-030 2.926372e-002 1.000000e-030 1.000000e-030 1.000000e-030 1.000000e-030 1.000000e-030 1.000000e-030 1.000000e-030 1.000000e-030 1.000000e-030 1.000000e-030 1.000000e-030 6.291155e-001 1.000000e-030 1.000000e-030 1.000000e-030 1.000000e-030 1.000000e-030 
8.145156e-002 1.000000e-030 5.430104e-002 2.715052e-002 1.900536e-001 1.000000e-030 5.435052e-002 1.000000e-030 1.000000e-030 1.000000e-030 3.074954e-001 1.000000e-030 2.715052e-002 1.000000e-030 1.086050e-001 1.000000e-030 1.000000e-030 1.000000e-030 1.000000e-030 1.000000e-030 2.715052e-002 1.000000e-030 1.000000e-030 1.000000e-030 1.000000e-030 1.000000e-030 1.222913e-001 1.000000e-030 1.000000e-030 1.000000e-030 1.000000e-030 1.000000e-030 
